19840617, 1200, , DB, 20.4N,  136.8E,   25, 1005, -999, -999, -999, -999, -999, -999, -999, -999, -999, -999, -999, -999,
19840617, 1800, , DB, 20.4N,  136.4E,   30, 1004, -999, -999, -999, -999, -999, -999, -999, -999, -999, -999, -999, -999,
19840618, 0000, , TD, 20.5N,  135.8E,   30, 1003, -999, -999, -999, -999, -999, -999, -999, -999, -999, -999, -999, -999,
19840618, 0600, , TD, 20.5N,  135.1E,   30, 1002, -999, -999, -999, -999, -999, -999, -999, -999, -999, -999, -999, -999,
19840618, 1200, , TS, 20.6N,  134.6E,   35,  999, -999, -999, -999, -999, -999, -999, -999, -999, -999, -999, -999, -999,
19840618, 1800, , TS, 20.6N,  134.1E,   35,  998, -999, -999, -999, -999, -999, -999, -999, -999, -999, -999, -999, -999,
19840619, 0000, , TS, 20.8N,  133.4E,   40,  997, -999, -999, -999, -999, -999, -999, -999, -999, -999, -999, -999, -999,
19840619, 0600, , TS, 21.2N,  132.8E,   35, 1000, -999, -999, -999, -999, -999, -999, -999, -999, -999, -999, -999, -999,
19840619, 1200, , TS, 21.3N,  132.2E,   40,  997, -999, -999, -999, -999, -999, -999, -999, -999, -999, -999, -999, -999,
19840619, 1800, , TS, 21.7N,  131.6E,   40,  996, -999, -999, -999, -999, -999, -999, -999, -999, -999, -999, -999, -999,
19840620, 0000, , TS, 22.0N,  131.0E,   45,  992, -999, -999, -999, -999, -999, -999, -999, -999, -999, -999, -999, -999,
19840620, 0600, , TS, 22.2N,  130.4E,   50,  989, -999, -999, -999, -999, -999, -999, -999, -999, -999, -999, -999, -999,
19840620, 1200, , TS, 22.3N,  129.7E,   50,  988, -999, -999, -999, -999, -999, -999, -999, -999, -999, -999, -999, -999,
19840620, 1800, , TS, 22.4N,  129.0E,   45,  991, -999, -999, -999, -999, -999, -999, -999, -999, -999, -999, -999, -999,
19840621, 0000, , TS, 22.4N,  128.5E,   45,  990, -999, -999, -999, -999, -999, -999, -999, -999, -999, -999, -999, -999,
19840621, 0600, , TS, 22.4N,  128.1E,   50,  987, -999, -999, -999, -999, -999, -999, -999, -999, -999, -999, -999, -999,
19840621, 1200, , TS, 22.4N,  127.8E,   50,  987, -999, -999, -999, -999, -999, -999, -999, -999, -999, -999, -999, -999,
19840621, 1800, , TS, 22.3N,  127.3E,   50,  986, -999, -999, -999, -999, -999, -999, -999, -999, -999, -999, -999, -999,
19840622, 0000, , TS, 22.3N,  126.9E,   50,  986, -999, -999, -999, -999, -999, -999, -999, -999, -999, -999, -999, -999,
19840622, 0600, , TS, 22.3N,  126.5E,   50,  986, -999, -999, -999, -999, -999, -999, -999, -999, -999, -999, -999, -999,
19840622, 1200, , TS, 22.3N,  125.8E,   50,  987, -999, -999, -999, -999, -999, -999, -999, -999, -999, -999, -999, -999,
19840622, 1800, , TS, 22.2N,  125.0E,   50,  986, -999, -999, -999, -999, -999, -999, -999, -999, -999, -999, -999, -999,
19840623, 0000, , TS, 22.1N,  123.9E,   50,  985, -999, -999, -999, -999, -999, -999, -999, -999, -999, -999, -999, -999,
19840623, 0600, , TS, 22.1N,  123.0E,   55,  982, -999, -999, -999, -999, -999, -999, -999, -999, -999, -999, -999, -999,
19840623, 1200, , TS, 21.9N,  121.8E,   55,  981, -999, -999, -999, -999, -999, -999, -999, -999, -999, -999, -999, -999,
19840623, 1800, , TS, 21.9N,  120.7E,   60,  978, -999, -999, -999, -999, -999, -999, -999, -999, -999, -999, -999, -999,
19840624, 0000, , TY, 22.0N,  118.8E,   65,  975, -999, -999, -999, -999, -999, -999, -999, -999, -999, -999, -999, -999,
19840624, 0600, , TY, 21.6N,  117.1E,   65,  974, -999, -999, -999, -999, -999, -999, -999, -999, -999, -999, -999, -999,
19840624, 1200, , TY, 21.2N,  115.8E,   65,  975, -999, -999, -999, -999, -999, -999, -999, -999, -999, -999, -999, -999,
19840624, 1800, , TS, 21.2N,  114.7E,   60,  978, -999, -999, -999, -999, -999, -999, -999, -999, -999, -999, -999, -999,
19840625, 0000, , TS, 21.2N,  113.2E,   60,  977, -999, -999, -999, -999, -999, -999, -999, -999, -999, -999, -999, -999,
19840625, 0600, , TS, 21.2N,  112.2E,   60,  978, -999, -999, -999, -999, -999, -999, -999, -999, -999, -999, -999, -999,
19840625, 1200, , TS, 21.5N,  110.7E,   60,  979, -999, -999, -999, -999, -999, -999, -999, -999, -999, -999, -999, -999,
19840625, 1800, , TS, 21.9N,  108.9E,   55,  980, -999, -999, -999, -999, -999, -999, -999, -999, -999, -999, -999, -999,
19840626, 0000, , TS, 22.3N,  107.0E,   40,  989, -999, -999, -999, -999, -999, -999, -999, -999, -999, -999, -999, -999,
19840626, 0600, , TD, 21.8N,  105.8E,   30,  991, -999, -999, -999, -999, -999, -999, -999, -999, -999, -999, -999, -999,
19840626, 1200, , DB, 21.5N,  104.1E,   25,  993, -999, -999, -999, -999, -999, -999, -999, -999, -999, -999, -999, -999,