SH, 02, 2004102418,   , BEST,   0,  87S,  633E,  35, 1007, DB,   0,    ,    0,    0,    0,    0, 
SH, 02, 2004102500,   , BEST,   0,  90S,  621E,  40, 1005, TS,   0,    ,    0,    0,    0,    0, 
SH, 02, 2004102506,   , BEST,   0,  92S,  610E,  40, 1004, TS,   0,    ,    0,    0,    0,    0, 1008,   90,  50,   0,   0, 
SH, 02, 2004102512,   , BEST,   0,  91S,  600E,  35, 1006, TS,   0,    ,    0,    0,    0,    0, 1008,   90,  50,   0,   0, 
SH, 02, 2004102518,   , BEST,   0,  87S,  591E,  35, 1007, TS,   0,    ,    0,    0,    0,    0, 
SH, 02, 2004102600,   , BEST,   0,  82S,  581E,  30, 1008, TD,   0,    ,    0,    0,    0,    0, 
SH, 02, 2004102606,   , BEST,   0,  82S,  569E,  30, 1009, TD,   0,    ,    0,    0,    0,    0, 1007,   90,  50,   0,   0, 
SH, 02, 2004102612,   , BEST,   0,  83S,  553E,  35, 1008, TS,   0,    ,    0,    0,    0,    0, 1006,   90,  40,   0,   0, 
SH, 02, 2004102618,   , BEST,   0,  88S,  537E,  45, 1002, TS,   0,    ,    0,    0,    0,    0, 1008,  110,  40,   0,   0, 
SH, 02, 2004102700,   , BEST,   0,  91S,  522E,  50, 1000, TS,  34, NEQ,   45,   60,   60,   45,    0,    0,   0,  45,   0, 
SH, 02, 2004102706,   , BEST,   0,  92S,  508E,  45, 1002, TS,  34, NEQ,   45,   60,   60,   60, 1008,  120,  40,   0,   0, 
SH, 02, 2004102712,   , BEST,   0,  92S,  497E,  40, 1003, TS,  34, NEQ,   80,  100,  110,   70,    0,    0,   0,  45,   0, 
SH, 02, 2004102718,   , BEST,   0,  96S,  485E,  40, 1004, TS,  34, NEQ,   60,  100,   80,   60, 1008,  100,  60,   0,   0, 
SH, 02, 2004102800,   , BEST,   0,  96S,  472E,  35, 1006, TS,  34, NEQ,   60,  100,   80,   60,    0,    0,   0,  45,   0, 
SH, 02, 2004102806,   , BEST,   0,  93S,  454E,  35, 1007, TS,  34, NEQ,   65,   90,   80,   65, 1008,  100,  40,   0,   0, 
SH, 02, 2004102812,   , BEST,   0,  84S,  438E,  30, 1009, TD,  34, NEQ,   50,   70,   70,   50,    0,    0,   0,  45,   0, 
SH, 02, 2004102818,   , BEST,   0,  83S,  424E,  25, 1011, DB,   0,    ,    0,    0,    0,    0, 1008,  100,  40,   0,   0, 
SH, 02, 2004102900,   , BEST,   0,  82S,  409E,  25, 1012, DB,   0,    ,    0,    0,    0,    0,    0,    0,   0,  35,   0, 