SH, 02, 2003110812,   , BEST,   0,  49S,  794E,  25, 1012, DB,   0,    ,    0,    0,    0,    0, 
SH, 02, 2003110818,   , BEST,   0,  50S,  790E,  25, 1011, DB,   0,    ,    0,    0,    0,    0, 
SH, 02, 2003110900,   , BEST,   0,  54S,  787E,  30, 1008, DB,   0,    ,    0,    0,    0,    0, 1006,  120,  45,   0,   0, 
SH, 02, 2003110906,   , BEST,   0,  59S,  784E,  30, 1009, DB,   0,    ,    0,    0,    0,    0, 1006,  120,  50,   0,   0, 
SH, 02, 2003110912,   , BEST,   0,  64S,  780E,  30, 1009, DB,   0,    ,    0,    0,    0,    0, 1006,  120,  50,   0,   0, 
SH, 02, 2003110918,   , BEST,   0,  66S,  775E,  30, 1008, DB,   0,    ,    0,    0,    0,    0, 
SH, 02, 2003111000,   , BEST,   0,  68S,  769E,  30, 1008, TD,   0,    ,    0,    0,    0,    0, 1006,  120,  50,   0,   0, 
SH, 02, 2003111006,   , BEST,   0,  70S,  763E,  30, 1009, TD,   0,    ,    0,    0,    0,    0, 1005,  120,  50,   0,   0, 
SH, 02, 2003111012,   , BEST,   0,  72S,  759E,  35, 1006, TS,   0,    ,    0,    0,    0,    0, 1005,  120,  45,   0,   0, 
SH, 02, 2003111018,   , BEST,   0,  74S,  755E,  40, 1002, TS,   0,    ,    0,    0,    0,    0, 1005,  120,  45,   0,   0, 
SH, 02, 2003111100,   , BEST,   0,  75S,  751E,  45,  998, TS,  34, NEQ,   40,   40,   40,   40, 1004,  120,  40,   0,   0, 
SH, 02, 2003111106,   , BEST,   0,  76S,  748E,  50,  994, TS,  34, NEQ,   45,   45,   45,   45, 1004,  130,  30,   0,   0, 
SH, 02, 2003111112,   , BEST,   0,  79S,  745E,  55,  991, TD,   0,    ,    0,    0,    0,    0, 
SH, 02, 2003111118,   , BEST,   0,  82S,  744E,  65,  985, TY,  34, NEQ,   55,   55,   55,   55, 1004,   82,  30,   0,   0, 
SH, 02, 2003111200,   , BEST,   0,  87S,  744E,  75,  979, TY,  34, NEQ,   60,   60,   60,   60, 1004,   90,  30,   0,   0, 
SH, 02, 2003111206,   , BEST,   0,  92S,  744E,  85,  971, TY,  34, NEQ,   65,   65,   65,   65, 1004,  140,  15,   0,   0, 
SH, 02, 2003111212,   , BEST,   0,  96S,  746E,  80,  974, TY,  34, NEQ,   65,   65,   65,   65, 
SH, 02, 2003111218,   , BEST,   0, 101S,  748E,  95,  961, TY,  34, NEQ,  130,  130,  130,  130, 1003,  140,  25,   0,   0, 
SH, 02, 2003111300,   , BEST,   0, 106S,  750E, 110,  947, TY,  34, NEQ,  140,  140,  140,  140, 1001,  160,  15,   0,  20, 
SH, 02, 2003111306,   , BEST,   0, 109S,  752E, 130,  931, TY,  34, NEQ,  140,  140,  140,  140, 1001,  160,  15,   0,  15, 
SH, 02, 2003111312,   , BEST,   0, 112S,  757E, 110,  948, TY,  34, NEQ,  140,  140,  140,  140, 1001,  160,  20,   0,   0, 
SH, 02, 2003111318,   , BEST,   0, 116S,  762E,  85,  970, TY,  34, NEQ,  140,  140,  140,  140, 1001,  140,  20,   0,   0, 
SH, 02, 2003111400,   , BEST,   0, 121S,  766E,  60,  990, TS,  34, NEQ,  120,  120,  120,  120, 1005,  140,  40,   0,   0, 
SH, 02, 2003111406,   , BEST,   0, 124S,  774E,  45, 1001, TS,  34, NEQ,  120,  120,  120,  120, 1005,  140,  40,   0,   0, 
SH, 02, 2003111412,   , BEST,   0, 127S,  779E,  35, 1007, TS,  34, NEQ,  120,  120,  120,  120, 1005,  140,  40,   0,   0, 
SH, 02, 2003111418,   , BEST,   0, 130S,  782E,  35, 1006, TS,  34, NEQ,  120,  120,   90,   90, 1005,  130,  30,   0,   0, 
SH, 02, 2003111500,   , BEST,   0, 132S,  784E,  40, 1003, TS,  34, NEQ,  120,  120,   90,   90, 1004,  130,  30,   0,   0, 
SH, 02, 2003111506,   , BEST,   0, 132S,  785E,  35, 1005, TS,   0,    ,    0,    0,    0,    0, 1004,  150,  20,   0,   0, 
SH, 02, 2003111512,   , BEST,   0, 131S,  786E,  35, 1006, TS,   0,    ,    0,    0,    0,    0, 1005,  120,  20,   0,   0, 
SH, 02, 2003111518,   , BEST,   0, 130S,  786E,  30, 1007, TD,   0,    ,    0,    0,    0,    0, 1005,  120,  20,   0,   0, 
SH, 02, 2003111600,   , BEST,   0, 128S,  785E,  30, 1008, TD,   0,    ,    0,    0,    0,    0, 
SH, 02, 2003111606,   , BEST,   0, 126S,  784E,  30, 1008, TD,   0,    ,    0,    0,    0,    0, 
SH, 02, 2003111612,   , BEST,   0, 123S,  783E,  30, 1007, TD,   0,    ,    0,    0,    0,    0, 
SH, 02, 2003111618,   , BEST,   0, 120S,  780E,  35, 1005, TS,   0,    ,    0,    0,    0,    0, 
SH, 02, 2003111700,   , BEST,   0, 119S,  776E,  40, 1002, TS,   0,    ,    0,    0,    0,    0, 
SH, 02, 2003111706,   , BEST,   0, 118S,  770E,  40, 1001, TS,   0,    ,    0,    0,    0,    0, 
SH, 02, 2003111712,   , BEST,   0, 117S,  765E,  40, 1000, TS,   0,    ,    0,    0,    0,    0, 
SH, 02, 2003111718,   , BEST,   0, 115S,  760E,  45,  998, TS,   0,    ,    0,    0,    0,    0, 1005,  120,  30,   0,   0, 
SH, 02, 2003111800,   , BEST,   0, 114S,  754E,  50,  994, TS,   0,    ,    0,    0,    0,    0, 1005,  120,  40,   0,   0, 
SH, 02, 2003111806,   , BEST,   0, 114S,  749E,  60,  988, TS,  34, NEQ,   60,   60,   60,   60, 1005,   90,  15,   0,   0, 
SH, 02, 2003111812,   , BEST,   0, 115S,  745E,  65,  985, TY,  34, NEQ,   60,   60,   60,   60, 1005,   90,  15,   0,   0, 
SH, 02, 2003111818,   , BEST,   0, 116S,  741E,  70,  981, TY,  34, NEQ,   60,   60,   60,   60, 1005,   90,  15,   0,   0, 
SH, 02, 2003111900,   , BEST,   0, 118S,  736E,  75,  978, TY,  34, NEQ,   60,   60,   60,   60, 1005,   90,  15,   0,   0, 
SH, 02, 2003111906,   , BEST,   0, 120S,  731E,  90,  968, TY,  34, NEQ,   60,   60,   60,   60, 1005,   90,  15,   0,   0, 
SH, 02, 2003111912,   , BEST,   0, 123S,  725E, 100,  959, TY,  34, NEQ,   60,   60,   60,   60, 1005,   90,  15,   0,   0, 
SH, 02, 2003111918,   , BEST,   0, 125S,  720E,  85,  971, TY,  34, NEQ,   50,   50,   50,   50, 1005,   75,  10,   0,   0, 
SH, 02, 2003112000,   , BEST,   0, 127S,  715E,  75,  974, TY,  34, NEQ,   50,   50,   50,   50, 
SH, 02, 2003112006,   , BEST,   0, 129S,  707E,  60,  986, TS,  34, NEQ,   25,   50,   50,   25, 1007,  130,  10,   0,   0, 
SH, 02, 2003112012,   , BEST,   0, 131S,  697E,  45,  998, TS,  34, NEQ,   20,   40,   40,   20, 1007,  130,  10,   0,   0, 
SH, 02, 2003112018,   , BEST,   0, 132S,  685E,  35, 1001, TS,  34, NEQ,   15,   15,   15,   15, 1008,   40,  10,   0,   0, 
SH, 02, 2003112100,   , BEST,   0, 133S,  673E,  40,  999, TS,  34, NEQ,   15,   15,   15,   15, 
SH, 02, 2003112106,   , BEST,   0, 133S,  659E,  45,  997, TS,   0,    ,    0,    0,    0,    0, 
SH, 02, 2003112112,   , BEST,   0, 129S,  645E,  40,  999, TS,   0,    ,    0,    0,    0,    0, 
SH, 02, 2003112118,   , BEST,   0, 127S,  630E,  35, 1003, TS,   0,    ,    0,    0,    0,    0, 
SH, 02, 2003112200,   , BEST,   0, 129S,  614E,  30, 1005, TD,   0,    ,    0,    0,    0,    0, 
SH, 02, 2003112206,   , BEST,   0, 131S,  598E,  30, 1006, TD,   0,    ,    0,    0,    0,    0, 
SH, 02, 2003112212,   , BEST,   0, 128S,  585E,  30, 1007, TD,   0,    ,    0,    0,    0,    0, 
SH, 02, 2003112218,   , BEST,   0, 127S,  572E,  25, 1008, TD,   0,    ,    0,    0,    0,    0, 
SH, 02, 2003112300,   , BEST,   0, 125S,  570E,  25, 1009, TD,   0,    ,    0,    0,    0,    0, 
SH, 02, 2003112306,   , BEST,   0, 123S,  559E,  25, 1009, TD,   0,    ,    0,    0,    0,    0, 
SH, 02, 2003112312,   , BEST,   0, 127S,  549E,  25, 1008, TD,   0,    ,    0,    0,    0,    0, 
SH, 02, 2003112318,   , BEST,   0, 135S,  544E,  25, 1008, TD,   0,    ,    0,    0,    0,    0,
SH, 02, 2003112400,   , BEST,   0, 141S,  534E,  25, 1008, TD,   0,    ,    0,    0,    0,    0,
SH, 02, 2003112406,   , BEST,   0, 148S,  528E,  25, 1009, TD,   0,    ,    0,    0,    0,    0,
SH, 02, 2003112412,   , BEST,   0, 149S,  527E,  25, 1010, TD,   0,    ,    0,    0,    0,    0,
SH, 02, 2003112418,   , BEST,   0, 151S,  524E,  25, 1011, TD,   0,    ,    0,    0,    0,    0,
SH, 02, 2003112500,   , BEST,   0, 155S,  522E,  20, 1012, DB,   0,    ,    0,    0,    0,    0,