19860425, 1200, , DB,  6.1N,  141.0E,   25, 1010, -999, -999, -999, -999, -999, -999, -999, -999, -999, -999, -999, -999,
19860425, 1800, , DB,  6.4N,  140.5E,   30, 1008, -999, -999, -999, -999, -999, -999, -999, -999, -999, -999, -999, -999,
19860426, 0000, , TS,  6.6N,  140.3E,   35, 1006, -999, -999, -999, -999, -999, -999, -999, -999, -999, -999, -999, -999,
19860426, 0600, , TS,  6.8N,  140.2E,   40, 1003, -999, -999, -999, -999, -999, -999, -999, -999, -999, -999, -999, -999,
19860426, 1200, , TS,  7.0N,  140.1E,   45, 1000, -999, -999, -999, -999, -999, -999, -999, -999, -999, -999, -999, -999,
19860426, 1800, , TS,  7.4N,  139.7E,   55,  994, -999, -999, -999, -999, -999, -999, -999, -999, -999, -999, -999, -999,
19860427, 0000, , HU,  7.7N,  139.6E,   65,  988, -999, -999, -999, -999, -999, -999, -999, -999, -999, -999, -999, -999,
19860427, 0600, , HU,  8.0N,  139.4E,   70,  984, -999, -999, -999, -999, -999, -999, -999, -999, -999, -999, -999, -999,
19860427, 1200, , HU,  8.6N,  139.3E,   80,  974, -999, -999, -999, -999, -999, -999, -999, -999, -999, -999, -999, -999,
19860427, 1800, , HU,  9.1N,  139.3E,   80,  975, -999, -999, -999, -999, -999, -999, -999, -999, -999, -999, -999, -999,
19860428, 0000, , HU,  9.6N,  139.3E,   75,  980, -999, -999, -999, -999, -999, -999, -999, -999, -999, -999, -999, -999,
19860428, 0600, , HU,  9.9N,  139.3E,   75,  981, -999, -999, -999, -999, -999, -999, -999, -999, -999, -999, -999, -999,
19860428, 1200, , HU, 10.1N,  139.1E,   65,  986, -999, -999, -999, -999, -999, -999, -999, -999, -999, -999, -999, -999,
19860428, 1800, , TS, 10.2N,  138.9E,   55,  994, -999, -999, -999, -999, -999, -999, -999, -999, -999, -999, -999, -999,
19860429, 0000, , TS, 10.3N,  138.7E,   45, 1000, -999, -999, -999, -999, -999, -999, -999, -999, -999, -999, -999, -999,
19860429, 0600, , TS, 10.3N,  138.4E,   45,  999, -999, -999, -999, -999, -999, -999, -999, -999, -999, -999, -999, -999,
19860429, 1200, , TS, 10.3N,  138.1E,   45,  998, -999, -999, -999, -999, -999, -999, -999, -999, -999, -999, -999, -999,
19860429, 1800, , TS, 10.3N,  137.8E,   45,  999, -999, -999, -999, -999, -999, -999, -999, -999, -999, -999, -999, -999,
19860430, 0000, , TS, 10.3N,  137.4E,   45, 1000, -999, -999, -999, -999, -999, -999, -999, -999, -999, -999, -999, -999,
19860430, 0600, , TS, 10.2N,  137.1E,   45,  999, -999, -999, -999, -999, -999, -999, -999, -999, -999, -999, -999, -999,
19860430, 1200, , TS, 10.1N,  136.7E,   45,  999, -999, -999, -999, -999, -999, -999, -999, -999, -999, -999, -999, -999,
19860430, 1800, , TS,  9.8N,  136.2E,   45, 1000, -999, -999, -999, -999, -999, -999, -999, -999, -999, -999, -999, -999,
19860501, 0000, , TS,  9.6N,  135.7E,   40, 1001, -999, -999, -999, -999, -999, -999, -999, -999, -999, -999, -999, -999,
19860501, 0600, , TS,  9.6N,  135.4E,   35, 1004, -999, -999, -999, -999, -999, -999, -999, -999, -999, -999, -999, -999,
19860501, 1200, , TD,  9.8N,  135.2E,   30, 1006, -999, -999, -999, -999, -999, -999, -999, -999, -999, -999, -999, -999,
19860501, 1800, , TD,  9.9N,  135.0E,   25, 1007, -999, -999, -999, -999, -999, -999, -999, -999, -999, -999, -999, -999,
19860502, 0000, , TD, 10.1N,  134.8E,   25, 1007, -999, -999, -999, -999, -999, -999, -999, -999, -999, -999, -999, -999,
19860502, 0600, , TD, 10.4N,  134.2E,   25, 1008, -999, -999, -999, -999, -999, -999, -999, -999, -999, -999, -999, -999,
19860502, 1200, , TD, 10.7N,  133.6E,   25, 1008, -999, -999, -999, -999, -999, -999, -999, -999, -999, -999, -999, -999,
19860502, 1800, , TD, 11.0N,  132.9E,   25, 1009, -999, -999, -999, -999, -999, -999, -999, -999, -999, -999, -999, -999,
19860503, 0000, , DB, 11.3N,  132.3E,   20, 1010, -999, -999, -999, -999, -999, -999, -999, -999, -999, -999, -999, -999,