SH, 03, 2004110618,   , BEST,   0,  55S,  845E,  25, 1007, DB,   0,    ,    0,    0,    0,    0, 
SH, 03, 2004110700,   , BEST,   0,  61S,  838E,  30, 1005, TD,   0,    ,    0,    0,    0,    0, 
SH, 03, 2004110706,   , BEST,   0,  68S,  827E,  35, 1003, TS,   0,    ,    0,    0,    0,    0, 
SH, 03, 2004110712,   , BEST,   0,  79S,  818E,  40, 1000, TS,   0,    ,    0,    0,    0,    0, 
SH, 03, 2004110718,   , BEST,   0,  88S,  810E,  45,  997, TS,   0,    ,    0,    0,    0,    0, 1006,  120,  40,   0,   0, 
SH, 03, 2004110800,   , BEST,   0,  94S,  799E,  55,  991, TS,   0,    ,    0,    0,    0,    0, 1006,  120,  40,   0,   0, 
SH, 03, 2004110806,   , BEST,   0,  99S,  791E,  65,  985, TY,   0,    ,    0,    0,    0,    0,    0,    0,   0,  45,   0, 
SH, 03, 2004110812,   , BEST,   0, 103S,  785E,  70,  979, TY,  34, NEQ,   30,   40,   40,   30, 1006,  120,  30,   0,   0, 
SH, 03, 2004110818,   , BEST,   0, 107S,  779E,  80,  974, TY,  34, NEQ,   60,   70,   90,   60,    0,    0,   0,  55,   0, 
SH, 03, 2004110900,   , BEST,   0, 109S,  772E,  90,  968, TY,  34, NEQ,   60,   90,  100,   70,    0,    0,   0,  90,   0, 
SH, 03, 2004110906,   , BEST,   0, 110S,  766E,  85,  971, TY,  34, NEQ,   40,   60,   60,   40,    0,    0,   0,  80,   0, 
SH, 03, 2004110912,   , BEST,   0, 108S,  760E,  75,  977, TY,  34, NEQ,   40,   60,   60,   40, 1001,  120,  20,   0,   0, 
SH, 03, 2004110918,   , BEST,   0, 107S,  756E,  65,  983, TY,  34, NEQ,   60,   80,   80,   60,    0,    0,   0,  80,   0, 
SH, 03, 2004111000,   , BEST,   0, 107S,  753E,  65,  984, TY,  34, NEQ,   65,   85,   85,   65, 1002,  120,  15,   0,   0, 
SH, 03, 2004111006,   , BEST,   0, 108S,  750E,  60,  987, TS,  34, NEQ,   60,   85,   85,   60,    0,    0,   0,  80,   0, 
SH, 03, 2004111012,   , BEST,   0, 109S,  747E,  55,  989, TS,  34, NEQ,   50,   80,   75,   20, 1006,  120,  20,   0,   0, 
SH, 03, 2004111018,   , BEST,   0, 110S,  745E,  50,  991, TS,  34, NEQ,   50,   70,   70,   40,    0,    0,   0,  70,   0, 
SH, 03, 2004111100,   , BEST,   0, 111S,  743E,  50,  992, TS,  34, NEQ,   50,   65,   65,   45, 1006,  120,  20,   0,   0, 
SH, 03, 2004111106,   , BEST,   0, 113S,  742E,  50,  993, TS,  34, NEQ,   55,   70,   70,   45,    0,    0,   0,  70,   0, 
SH, 03, 2004111112,   , BEST,   0, 116S,  740E,  45,  994, TS,  34, NEQ,   55,   70,   70,   45, 1006,  120,  20,   0,   0, 
SH, 03, 2004111118,   , BEST,   0, 120S,  737E,  45,  995, TS,  34, NEQ,   50,   65,   65,   45,    0,    0,   0,  55,   0, 
SH, 03, 2004111200,   , BEST,   0, 123S,  734E,  40,  998, TS,  34, NEQ,   50,   65,   65,   45, 1008,  120,  25,   0,   0, 
SH, 03, 2004111206,   , BEST,   0, 125S,  730E,  40,  999, TS,  34, NEQ,   50,   65,   40,   40,    0,    0,   0,  50,   0, 
SH, 03, 2004111212,   , BEST,   0, 126S,  724E,  35, 1001, TS,  34, NEQ,   50,   65,   40,   40, 1008,  120,  40,   0,   0, 
SH, 03, 2004111218,   , BEST,   0, 128S,  716E,  30, 1003, TD,  34, NEQ,   50,   65,   40,   40,    0,    0,   0,  45,   0, 
SH, 03, 2004111300,   , BEST,   0, 130S,  707E,  30, 1004, DB,   0,    ,    0,    0,    0,    0, 1008,  100,  45,   0,   0, 
SH, 03, 2004111306,   , BEST,   0, 131S,  697E,  25, 1005, DB,   0,    ,    0,    0,    0,    0,    0,    0,   0,  35,   0, 
SH, 03, 2004111312,   , BEST,   0, 131S,  689E,  25, 1005, DB,   0,    ,    0,    0,    0,    0, 
SH, 03, 2004111318,   , BEST,   0, 130S,  682E,  25, 1006, DB,   0,    ,    0,    0,    0,    0, 
SH, 03, 2004111400,   , BEST,   0, 131S,  674E,  25, 1006, DB,   0,    ,    0,    0,    0,    0, 
SH, 03, 2004111406,   , BEST,   0, 133S,  667E,  25, 1007, DB,   0,    ,    0,    0,    0,    0, 
SH, 03, 2004111412,   , BEST,   0, 135S,  662E,  25, 1007, DB,   0,    ,    0,    0,    0,    0, 
SH, 03, 2004111418,   , BEST,   0, 136S,  656E,  20, 1008, DB,   0,    ,    0,    0,    0,    0, 
SH, 03, 2004111500,   , BEST,   0, 137S,  650E,  20, 1009, DB,   0,    ,    0,    0,    0,    0, 