19840630, 1200, , DB, 15.8N,  125.6E,   30, 1006, -999, -999, -999, -999, -999, -999, -999, -999, -999, -999, -999, -999,
19840630, 1800, , TD, 15.9N,  125.0E,   30, 1005, -999, -999, -999, -999, -999, -999, -999, -999, -999, -999, -999, -999,
19840701, 0000, , TS, 16.1N,  124.5E,   40, 1000, -999, -999, -999, -999, -999, -999, -999, -999, -999, -999, -999, -999,
19840701, 0600, , TS, 16.1N,  124.2E,   40,  999, -999, -999, -999, -999, -999, -999, -999, -999, -999, -999, -999, -999,
19840701, 1200, , TS, 16.3N,  124.0E,   45,  998, -999, -999, -999, -999, -999, -999, -999, -999, -999, -999, -999, -999,
19840701, 1800, , TS, 16.8N,  123.8E,   45,  997, -999, -999, -999, -999, -999, -999, -999, -999, -999, -999, -999, -999,
19840702, 0000, , TS, 17.3N,  123.6E,   55,  992, -999, -999, -999, -999, -999, -999, -999, -999, -999, -999, -999, -999,
19840702, 0600, , HU, 18.1N,  123.3E,   65,  984, -999, -999, -999, -999, -999, -999, -999, -999, -999, -999, -999, -999,
19840702, 1200, , HU, 19.3N,  123.0E,   75,  976, -999, -999, -999, -999, -999, -999, -999, -999, -999, -999, -999, -999,
19840702, 1800, , HU, 20.6N,  122.2E,   85,  968, -999, -999, -999, -999, -999, -999, -999, -999, -999, -999, -999, -999,
19840703, 0000, , HU, 21.7N,  121.6E,   95,  960, -999, -999, -999, -999, -999, -999, -999, -999, -999, -999, -999, -999,
19840703, 0600, , HU, 23.3N,  121.5E,   80,  972, -999, -999, -999, -999, -999, -999, -999, -999, -999, -999, -999, -999,
19840703, 1200, , HU, 24.7N,  121.0E,   65,  985, -999, -999, -999, -999, -999, -999, -999, -999, -999, -999, -999, -999,
19840703, 1800, , TS, 26.1N,  120.9E,   55,  992, -999, -999, -999, -999, -999, -999, -999, -999, -999, -999, -999, -999,
19840704, 0000, , TS, 27.8N,  121.2E,   45,  998, -999, -999, -999, -999, -999, -999, -999, -999, -999, -999, -999, -999,
19840704, 0600, , TS, 29.6N,  121.8E,   40, 1000, -999, -999, -999, -999, -999, -999, -999, -999, -999, -999, -999, -999,
19840704, 1200, , TS, 31.1N,  122.6E,   35, 1002, -999, -999, -999, -999, -999, -999, -999, -999, -999, -999, -999, -999,
19840704, 1800, , TD, 32.8N,  123.8E,   30, 1002, -999, -999, -999, -999, -999, -999, -999, -999, -999, -999, -999, -999,
19840705, 0000, , TD, 33.9N,  125.1E,   30, 1003, -999, -999, -999, -999, -999, -999, -999, -999, -999, -999, -999, -999,
19840705, 0600, , TD, 34.9N,  127.2E,   30, 1003, -999, -999, -999, -999, -999, -999, -999, -999, -999, -999, -999, -999,
19840705, 1200, , EX, 35.6N,  129.5E,   30, 1002, -999, -999, -999, -999, -999, -999, -999, -999, -999, -999, -999, -999,