19860516, 0600, , DB,  7.2N,  160.2E,   30, 1006, -999, -999, -999, -999, -999, -999, -999, -999, -999, -999, -999, -999,
19860516, 1200, , TS,  7.4N,  160.0E,   35, 1002, -999, -999, -999, -999, -999, -999, -999, -999, -999, -999, -999, -999,
19860516, 1800, , TS,  7.5N,  159.8E,   40,  994, -999, -999, -999, -999, -999, -999, -999, -999, -999, -999, -999, -999,
19860517, 0000, , TS,  7.8N,  159.7E,   50,  987, -999, -999, -999, -999, -999, -999, -999, -999, -999, -999, -999, -999,
19860517, 0600, , HU,  8.0N,  159.6E,   65,  981, -999, -999, -999, -999, -999, -999, -999, -999, -999, -999, -999, -999,
19860517, 1200, , HU,  8.0N,  159.4E,   70,  978, -999, -999, -999, -999, -999, -999, -999, -999, -999, -999, -999, -999,
19860517, 1800, , HU,  8.1N,  159.2E,   75,  976, -999, -999, -999, -999, -999, -999, -999, -999, -999, -999, -999, -999,
19860518, 0000, , HU,  8.2N,  159.0E,   75,  975, -999, -999, -999, -999, -999, -999, -999, -999, -999, -999, -999, -999,
19860518, 0600, , HU,  8.6N,  159.0E,   90,  966, -999, -999, -999, -999, -999, -999, -999, -999, -999, -999, -999, -999,
19860518, 1200, , HU,  9.3N,  158.9E,  105,  954, -999, -999, -999, -999, -999, -999, -999, -999, -999, -999, -999, -999,
19860518, 1800, , HU,  9.8N,  158.5E,  115,  942, -999, -999, -999, -999, -999, -999, -999, -999, -999, -999, -999, -999,
19860519, 0000, , HU, 10.3N,  158.0E,  130,  930, -999, -999, -999, -999, -999, -999, -999, -999, -999, -999, -999, -999,
19860519, 0600, , HU, 11.0N,  157.1E,  140,  918, -999, -999, -999, -999, -999, -999, -999, -999, -999, -999, -999, -999,
19860519, 1200, , HU, 11.6N,  156.3E,  155,  906, -999, -999, -999, -999, -999, -999, -999, -999, -999, -999, -999, -999,
19860519, 1800, , HU, 12.3N,  155.4E,  150,  910, -999, -999, -999, -999, -999, -999, -999, -999, -999, -999, -999, -999,
19860520, 0000, , HU, 13.4N,  154.2E,  150,  911, -999, -999, -999, -999, -999, -999, -999, -999, -999, -999, -999, -999,
19860520, 0600, , HU, 14.4N,  153.2E,  145,  912, -999, -999, -999, -999, -999, -999, -999, -999, -999, -999, -999, -999,
19860520, 1200, , HU, 15.2N,  152.3E,  145,  913, -999, -999, -999, -999, -999, -999, -999, -999, -999, -999, -999, -999,
19860520, 1800, , HU, 16.3N,  151.5E,  140,  918, -999, -999, -999, -999, -999, -999, -999, -999, -999, -999, -999, -999,
19860521, 0000, , HU, 17.5N,  150.9E,  135,  921, -999, -999, -999, -999, -999, -999, -999, -999, -999, -999, -999, -999,
19860521, 0600, , HU, 18.9N,  150.5E,  135,  922, -999, -999, -999, -999, -999, -999, -999, -999, -999, -999, -999, -999,
19860521, 1200, , HU, 20.4N,  150.3E,  125,  928, -999, -999, -999, -999, -999, -999, -999, -999, -999, -999, -999, -999,
19860521, 1800, , HU, 22.1N,  150.5E,  115,  936, -999, -999, -999, -999, -999, -999, -999, -999, -999, -999, -999, -999,
19860522, 0000, , HU, 23.8N,  151.0E,   95,  950, -999, -999, -999, -999, -999, -999, -999, -999, -999, -999, -999, -999,
19860522, 0600, , HU, 25.8N,  152.1E,   80,  945, -999, -999, -999, -999, -999, -999, -999, -999, -999, -999, -999, -999,
19860522, 1200, , HU, 27.8N,  153.9E,   70,  954, -999, -999, -999, -999, -999, -999, -999, -999, -999, -999, -999, -999,
19860522, 1800, , HU, 30.2N,  156.3E,   65,  960, -999, -999, -999, -999, -999, -999, -999, -999, -999, -999, -999, -999,
19860523, 0000, , TS, 32.8N,  159.9E,   60,  964, -999, -999, -999, -999, -999, -999, -999, -999, -999, -999, -999, -999,
19860523, 0600, , TS, 35.3N,  164.4E,   55,  966, -999, -999, -999, -999, -999, -999, -999, -999, -999, -999, -999, -999,
19860523, 1200, , EX, 38.1N,  166.5E,   55,  965, -999, -999, -999, -999, -999, -999, -999, -999, -999, -999, -999, -999,