19860519, 1200, , DB, 18.6N,  109.4E,   30,  997, -999, -999, -999, -999, -999, -999, -999, -999, -999, -999, -999, -999,
19860519, 1800, , DB, 19.2N,  109.6E,   30,  996, -999, -999, -999, -999, -999, -999, -999, -999, -999, -999, -999, -999,
19860520, 0000, , DB, 19.8N,  109.9E,   30,  997, -999, -999, -999, -999, -999, -999, -999, -999, -999, -999, -999, -999,
19860520, 0600, , DB, 20.2N,  110.4E,   30,  996, -999, -999, -999, -999, -999, -999, -999, -999, -999, -999, -999, -999,
19860520, 1200, , DB, 20.4N,  111.0E,   30,  997, -999, -999, -999, -999, -999, -999, -999, -999, -999, -999, -999, -999,
19860520, 1800, , TD, 20.5N,  111.6E,   30,  999, -999, -999, -999, -999, -999, -999, -999, -999, -999, -999, -999, -999,
19860521, 0000, , TD, 20.5N,  112.0E,   30, 1000, -999, -999, -999, -999, -999, -999, -999, -999, -999, -999, -999, -999,
19860521, 0600, , TD, 20.5N,  112.2E,   30, 1001, -999, -999, -999, -999, -999, -999, -999, -999, -999, -999, -999, -999,
19860521, 1200, , TD, 20.5N,  112.4E,   25, 1004, -999, -999, -999, -999, -999, -999, -999, -999, -999, -999, -999, -999,
19860521, 1800, , TD, 20.4N,  112.6E,   25, 1005, -999, -999, -999, -999, -999, -999, -999, -999, -999, -999, -999, -999,
19860522, 0000, , TD, 20.1N,  112.8E,   25, 1005, -999, -999, -999, -999, -999, -999, -999, -999, -999, -999, -999, -999,
19860522, 0600, , TD, 19.8N,  112.9E,   25, 1004, -999, -999, -999, -999, -999, -999, -999, -999, -999, -999, -999, -999,
19860522, 1200, , TD, 19.6N,  113.6E,   25, 1004, -999, -999, -999, -999, -999, -999, -999, -999, -999, -999, -999, -999,
19860522, 1800, , TD, 19.6N,  114.1E,   25, 1005, -999, -999, -999, -999, -999, -999, -999, -999, -999, -999, -999, -999,
19860523, 0000, , TD, 19.7N,  114.6E,   25, 1004, -999, -999, -999, -999, -999, -999, -999, -999, -999, -999, -999, -999,
19860523, 0600, , TD, 19.7N,  115.1E,   30, 1003, -999, -999, -999, -999, -999, -999, -999, -999, -999, -999, -999, -999,
19860523, 1200, , TD, 19.8N,  115.6E,   30, 1002, -999, -999, -999, -999, -999, -999, -999, -999, -999, -999, -999, -999,
19860523, 1800, , TS, 20.0N,  116.1E,   35, 1001, -999, -999, -999, -999, -999, -999, -999, -999, -999, -999, -999, -999,
19860524, 0000, , TS, 20.2N,  116.7E,   35, 1001, -999, -999, -999, -999, -999, -999, -999, -999, -999, -999, -999, -999,
19860524, 0600, , TS, 20.3N,  117.2E,   35, 1002, -999, -999, -999, -999, -999, -999, -999, -999, -999, -999, -999, -999,
19860524, 1200, , TS, 20.3N,  117.7E,   35, 1002, -999, -999, -999, -999, -999, -999, -999, -999, -999, -999, -999, -999,
19860524, 1800, , TS, 20.3N,  118.3E,   35, 1002, -999, -999, -999, -999, -999, -999, -999, -999, -999, -999, -999, -999,
19860525, 0000, , TS, 20.2N,  119.0E,   35, 1002, -999, -999, -999, -999, -999, -999, -999, -999, -999, -999, -999, -999,
19860525, 0600, , TS, 20.2N,  119.7E,   35, 1001, -999, -999, -999, -999, -999, -999, -999, -999, -999, -999, -999, -999,
19860525, 1200, , TS, 20.3N,  120.2E,   35, 1002, -999, -999, -999, -999, -999, -999, -999, -999, -999, -999, -999, -999,
19860525, 1800, , TS, 20.4N,  120.7E,   35, 1001, -999, -999, -999, -999, -999, -999, -999, -999, -999, -999, -999, -999,
19860526, 0000, , TS, 20.8N,  121.2E,   40,  998, -999, -999, -999, -999, -999, -999, -999, -999, -999, -999, -999, -999,
19860526, 0600, , TS, 21.3N,  121.7E,   40,  999, -999, -999, -999, -999, -999, -999, -999, -999, -999, -999, -999, -999,
19860526, 1200, , TS, 22.0N,  122.0E,   35, 1000, -999, -999, -999, -999, -999, -999, -999, -999, -999, -999, -999, -999,
19860526, 1800, , TS, 22.6N,  122.1E,   35, 1001, -999, -999, -999, -999, -999, -999, -999, -999, -999, -999, -999, -999,
19860527, 0000, , TS, 23.2N,  122.6E,   35, 1001, -999, -999, -999, -999, -999, -999, -999, -999, -999, -999, -999, -999,
19860527, 0600, , TS, 23.3N,  122.8E,   40,  996, -999, -999, -999, -999, -999, -999, -999, -999, -999, -999, -999, -999,
19860527, 1200, , TS, 23.5N,  123.0E,   35,  999, -999, -999, -999, -999, -999, -999, -999, -999, -999, -999, -999, -999,
19860527, 1800, , TS, 23.5N,  123.3E,   35,  999, -999, -999, -999, -999, -999, -999, -999, -999, -999, -999, -999, -999,
19860528, 0000, , TS, 23.5N,  123.6E,   35,  998, -999, -999, -999, -999, -999, -999, -999, -999, -999, -999, -999, -999,
19860528, 0600, , TS, 23.4N,  124.1E,   35,  999, -999, -999, -999, -999, -999, -999, -999, -999, -999, -999, -999, -999,
19860528, 1200, , TD, 23.4N,  125.1E,   30, 1001, -999, -999, -999, -999, -999, -999, -999, -999, -999, -999, -999, -999,
19860528, 1800, , TD, 23.7N,  126.3E,   30, 1002, -999, -999, -999, -999, -999, -999, -999, -999, -999, -999, -999, -999,
19860529, 0000, , TD, 24.0N,  127.7E,   30, 1003, -999, -999, -999, -999, -999, -999, -999, -999, -999, -999, -999, -999,
19860529, 0600, , TD, 24.4N,  129.3E,   30, 1002, -999, -999, -999, -999, -999, -999, -999, -999, -999, -999, -999, -999,
19860529, 1200, , TD, 24.9N,  130.9E,   25, 1003, -999, -999, -999, -999, -999, -999, -999, -999, -999, -999, -999, -999,
19860529, 1800, , TD, 26.0N,  133.2E,   25, 1002, -999, -999, -999, -999, -999, -999, -999, -999, -999, -999, -999, -999,
19860530, 0000, , TD, 27.0N,  135.8E,   30, 1000, -999, -999, -999, -999, -999, -999, -999, -999, -999, -999, -999, -999,
19860530, 0600, , EX, 29.2N,  138.8E,   30,  998, -999, -999, -999, -999, -999, -999, -999, -999, -999, -999, -999, -999,