19860620, 0000, , DB,  8.6N,  140.0E,   25, 1007, -999, -999, -999, -999, -999, -999, -999, -999, -999, -999, -999, -999,
19860620, 0600, , DB,  9.4N,  138.2E,   30, 1005, -999, -999, -999, -999, -999, -999, -999, -999, -999, -999, -999, -999,
19860620, 1200, , TD, 10.2N,  136.3E,   30, 1004, -999, -999, -999, -999, -999, -999, -999, -999, -999, -999, -999, -999,
19860620, 1800, , TS, 11.0N,  134.4E,   35, 1002, -999, -999, -999, -999, -999, -999, -999, -999, -999, -999, -999, -999,
19860621, 0000, , TS, 11.8N,  132.8E,   40,  999, -999, -999, -999, -999, -999, -999, -999, -999, -999, -999, -999, -999,
19860621, 0600, , TS, 12.6N,  131.8E,   40,  998, -999, -999, -999, -999, -999, -999, -999, -999, -999, -999, -999, -999,
19860621, 1200, , TS, 13.4N,  130.4E,   45,  992, -999, -999, -999, -999, -999, -999, -999, -999, -999, -999, -999, -999,
19860621, 1800, , TS, 14.2N,  129.1E,   50,  988, -999, -999, -999, -999, -999, -999, -999, -999, -999, -999, -999, -999,
19860622, 0000, , TS, 15.5N,  127.8E,   55,  985, -999, -999, -999, -999, -999, -999, -999, -999, -999, -999, -999, -999,
19860622, 0600, , TS, 16.6N,  126.4E,   55,  984, -999, -999, -999, -999, -999, -999, -999, -999, -999, -999, -999, -999,
19860622, 1200, , HU, 17.8N,  125.3E,   65,  979, -999, -999, -999, -999, -999, -999, -999, -999, -999, -999, -999, -999,
19860622, 1800, , HU, 18.9N,  124.1E,   75,  973, -999, -999, -999, -999, -999, -999, -999, -999, -999, -999, -999, -999,
19860623, 0000, , HU, 20.0N,  123.0E,   80,  969, -999, -999, -999, -999, -999, -999, -999, -999, -999, -999, -999, -999,
19860623, 0600, , HU, 21.3N,  122.2E,   90,  959, -999, -999, -999, -999, -999, -999, -999, -999, -999, -999, -999, -999,
19860623, 1200, , HU, 22.5N,  121.8E,   95,  954, -999, -999, -999, -999, -999, -999, -999, -999, -999, -999, -999, -999,
19860623, 1800, , HU, 23.7N,  121.7E,   80,  965, -999, -999, -999, -999, -999, -999, -999, -999, -999, -999, -999, -999,
19860624, 0000, , HU, 25.6N,  121.7E,   65,  977, -999, -999, -999, -999, -999, -999, -999, -999, -999, -999, -999, -999,
19860624, 0600, , TS, 28.1N,  121.9E,   55,  984, -999, -999, -999, -999, -999, -999, -999, -999, -999, -999, -999, -999,
19860624, 1200, , TS, 29.8N,  123.7E,   50,  987, -999, -999, -999, -999, -999, -999, -999, -999, -999, -999, -999, -999,
19860624, 1800, , EX, 32.1N,  127.5E,   50,  988, -999, -999, -999, -999, -999, -999, -999, -999, -999, -999, -999, -999,
19860625, 0000, , EX, 34.5N,  129.6E,   45,  991, -999, -999, -999, -999, -999, -999, -999, -999, -999, -999, -999, -999,
19860625, 0600, , EX, 36.3N,  132.5E,   40,  994, -999, -999, -999, -999, -999, -999, -999, -999, -999, -999, -999, -999,