19860627, 1200, , DB, 15.4N,  137.3E,   30, 1004, -999, -999, -999, -999, -999, -999, -999, -999, -999, -999, -999, -999,
19860627, 1800, , TD, 15.4N,  136.5E,   30, 1003, -999, -999, -999, -999, -999, -999, -999, -999, -999, -999, -999, -999,
19860628, 0000, , TS, 15.3N,  135.3E,   35, 1001, -999, -999, -999, -999, -999, -999, -999, -999, -999, -999, -999, -999,
19860628, 0600, , TS, 15.3N,  134.3E,   35, 1001, -999, -999, -999, -999, -999, -999, -999, -999, -999, -999, -999, -999,
19860628, 1200, , TS, 15.6N,  133.2E,   40, 1000, -999, -999, -999, -999, -999, -999, -999, -999, -999, -999, -999, -999,
19860628, 1800, , TS, 16.0N,  132.4E,   40, 1000, -999, -999, -999, -999, -999, -999, -999, -999, -999, -999, -999, -999,
19860629, 0000, , TS, 16.3N,  131.5E,   40,  999, -999, -999, -999, -999, -999, -999, -999, -999, -999, -999, -999, -999,
19860629, 0600, , TS, 16.5N,  130.6E,   50,  993, -999, -999, -999, -999, -999, -999, -999, -999, -999, -999, -999, -999,
19860629, 1200, , TS, 16.7N,  129.9E,   60,  986, -999, -999, -999, -999, -999, -999, -999, -999, -999, -999, -999, -999,
19860629, 1800, , TS, 17.0N,  129.2E,   55,  989, -999, -999, -999, -999, -999, -999, -999, -999, -999, -999, -999, -999,
19860630, 0000, , TS, 17.5N,  128.6E,   50,  992, -999, -999, -999, -999, -999, -999, -999, -999, -999, -999, -999, -999,
19860630, 0600, , TS, 18.1N,  128.0E,   50,  990, -999, -999, -999, -999, -999, -999, -999, -999, -999, -999, -999, -999,
19860630, 1200, , TS, 18.7N,  127.6E,   45,  993, -999, -999, -999, -999, -999, -999, -999, -999, -999, -999, -999, -999,
19860630, 1800, , TS, 19.3N,  127.2E,   40,  995, -999, -999, -999, -999, -999, -999, -999, -999, -999, -999, -999, -999,
19860701, 0000, , TS, 20.2N,  126.8E,   40,  996, -999, -999, -999, -999, -999, -999, -999, -999, -999, -999, -999, -999,
19860701, 0600, , TS, 21.8N,  127.0E,   40,  995, -999, -999, -999, -999, -999, -999, -999, -999, -999, -999, -999, -999,
19860701, 1200, , TS, 23.1N,  127.3E,   40,  994, -999, -999, -999, -999, -999, -999, -999, -999, -999, -999, -999, -999,
19860701, 1800, , DB, 24.4N,  127.6E,   35,  997, -999, -999, -999, -999, -999, -999, -999, -999, -999, -999, -999, -999,
19860702, 0000, , DB, 25.7N,  128.0E,   30, 1000, -999, -999, -999, -999, -999, -999, -999, -999, -999, -999, -999, -999,
19860702, 0600, , DB, 26.9N,  129.0E,   30, 1001, -999, -999, -999, -999, -999, -999, -999, -999, -999, -999, -999, -999,