19860802, 1800, , DB,  9.0N, 132.9W,  30, 1006, -999, -999, -999, -999, -999, -999, -999, -999, -999, -999, -999, -999, -999
19860803, 0000, , TD,  9.0N, 133.3W,  30, 1005, -999, -999, -999, -999, -999, -999, -999, -999, -999, -999, -999, -999, -999
19860803, 0600, , TS,  9.0N, 134.7W,  35, 1004, -999, -999, -999, -999, -999, -999, -999, -999, -999, -999, -999, -999, -999
19860803, 1200, , TS,  8.9N, 136.5W,  35, 1003, -999, -999, -999, -999, -999, -999, -999, -999, -999, -999, -999, -999, -999
19860803, 1800, , TS,  8.9N, 138.1W,  35, 1002, -999, -999, -999, -999, -999, -999, -999, -999, -999, -999, -999, -999, -999
19860804, 0000, , TS,  8.7N, 140.0W,  35, 1002, -999, -999, -999, -999, -999, -999, -999, -999, -999, -999, -999, -999, -999
19860804, 0600, , TS,  8.7N, 142.6W,  35, 1001, -999, -999, -999, -999, -999, -999, -999, -999, -999, -999, -999, -999, -999
19860804, 1200, , TS,  8.7N, 145.4W,  40, 1000, -999, -999, -999, -999, -999, -999, -999, -999, -999, -999, -999, -999, -999
19860804, 1800, , TS,  8.9N, 149.0W,  35, 1004, -999, -999, -999, -999, -999, -999, -999, -999, -999, -999, -999, -999, -999
19860805, 0000, , TD,  9.5N, 152.0W,  30, 1005, -999, -999, -999, -999, -999, -999, -999, -999, -999, -999, -999, -999, -999
19860805, 0600, , TD, 10.4N, 154.4W,  30, 1006, -999, -999, -999, -999, -999, -999, -999, -999, -999, -999, -999, -999, -999
19860805, 1200, , DB, 10.7N, 156.5W,  25, 1007, -999, -999, -999, -999, -999, -999, -999, -999, -999, -999, -999, -999, -999
19860805, 1800, , DB, 11.1N, 158.8W,  25, 1007, -999, -999, -999, -999, -999, -999, -999, -999, -999, -999, -999, -999, -999
19860806, 0000, , DB, 10.8N, 161.0W,  25, 1007, -999, -999, -999, -999, -999, -999, -999, -999, -999, -999, -999, -999, -999
19860806, 0600, , DB, 10.4N, 163.0W,  25, 1008, -999, -999, -999, -999, -999, -999, -999, -999, -999, -999, -999, -999, -999
19860806, 1200, , DB,  9.9N, 165.0W,  25, 1007, -999, -999, -999, -999, -999, -999, -999, -999, -999, -999, -999, -999, -999
19860806, 1800, , DB,  9.7N, 167.5W,  30, 1006, -999, -999, -999, -999, -999, -999, -999, -999, -999, -999, -999, -999, -999
19860807, 0000, , DB,  9.5N, 170.0W,  30, 1005, -999, -999, -999, -999, -999, -999, -999, -999, -999, -999, -999, -999, -999
19860807, 0600, , DB,  9.9N, 172.0W,  30, 1005, -999, -999, -999, -999, -999, -999, -999, -999, -999, -999, -999, -999, -999
19860807, 1200, , DB, 10.4N, 174.0W,  30, 1005, -999, -999, -999, -999, -999, -999, -999, -999, -999, -999, -999, -999, -999
19860807, 1800, , DB, 10.8N, 176.0W,  30, 1005, -999, -999, -999, -999, -999, -999, -999, -999, -999, -999, -999, -999, -999
19860808, 0000, , DB, 11.3N, 177.8W,  30, 1005, -999, -999, -999, -999, -999, -999, -999, -999, -999, -999, -999, -999, -999
19860808, 0600, , DB, 12.1N, 179.4W,  30, 1006, -999, -999, -999, -999, -999, -999, -999, -999, -999, -999, -999, -999, -999
19860808, 1200, , DB, 12.9N, 179.3E,  30, 1006, -999, -999, -999, -999, -999, -999, -999, -999, -999, -999, -999, -999, -999
19860808, 1800, , DB, 13.6N, 178.3E,  30, 1005, -999, -999, -999, -999, -999, -999, -999, -999, -999, -999, -999, -999, -999
19860809, 0000, , TS, 14.2N, 177.8E,  35, 1004, -999, -999, -999, -999, -999, -999, -999, -999, -999, -999, -999, -999, -999
19860809, 0600, , TS, 14.6N, 176.3E,  40, 1001, -999, -999, -999, -999, -999, -999, -999, -999, -999, -999, -999, -999, -999
19860809, 1200, , TS, 14.9N, 175.1E,  45,  997, -999, -999, -999, -999, -999, -999, -999, -999, -999, -999, -999, -999, -999
19860809, 1800, , TS, 15.1N, 173.9E,  50,  993, -999, -999, -999, -999, -999, -999, -999, -999, -999, -999, -999, -999, -999
19860810, 0000, , TS, 15.3N, 172.7E,  55,  990, -999, -999, -999, -999, -999, -999, -999, -999, -999, -999, -999, -999, -999
19860810, 0600, , HU, 15.4N, 171.7E,  65,  984, -999, -999, -999, -999, -999, -999, -999, -999, -999, -999, -999, -999, -999
19860810, 1200, , HU, 15.6N, 170.9E,  75,  978, -999, -999, -999, -999, -999, -999, -999, -999, -999, -999, -999, -999, -999
19860810, 1800, , HU, 15.7N, 170.4E,  85,  972, -999, -999, -999, -999, -999, -999, -999, -999, -999, -999, -999, -999, -999
19860811, 0000, , HU, 15.9N, 170.0E,  75,  978, -999, -999, -999, -999, -999, -999, -999, -999, -999, -999, -999, -999, -999
19860811, 0600, , HU, 16.0N, 169.7E,  70,  980, -999, -999, -999, -999, -999, -999, -999, -999, -999, -999, -999, -999, -999
19860811, 1200, , HU, 16.2N, 169.5E,  75,  977, -999, -999, -999, -999, -999, -999, -999, -999, -999, -999, -999, -999, -999
19860811, 1800, , HU, 16.5N, 169.4E,  80,  974, -999, -999, -999, -999, -999, -999, -999, -999, -999, -999, -999, -999, -999
19860812, 0000, , HU, 16.7N, 169.4E,  85,  970, -999, -999, -999, -999, -999, -999, -999, -999, -999, -999, -999, -999, -999
19860812, 0600, , HU, 17.1N, 169.1E,  75,  978, -999, -999, -999, -999, -999, -999, -999, -999, -999, -999, -999, -999, -999
19860812, 1200, , HU, 17.5N, 168.5E,  65,  982, -999, -999, -999, -999, -999, -999, -999, -999, -999, -999, -999, -999, -999
19860812, 1800, , TS, 18.2N, 167.9E,  60,  985, -999, -999, -999, -999, -999, -999, -999, -999, -999, -999, -999, -999, -999
19860813, 0000, , TS, 19.0N, 167.3E,  55,  989, -999, -999, -999, -999, -999, -999, -999, -999, -999, -999, -999, -999, -999
19860813, 0600, , TS, 19.7N, 166.3E,  50,  990, -999, -999, -999, -999, -999, -999, -999, -999, -999, -999, -999, -999, -999
19860813, 1200, , TS, 20.5N, 164.3E,  45,  992, -999, -999, -999, -999, -999, -999, -999, -999, -999, -999, -999, -999, -999
19860813, 1800, , TS, 20.8N, 162.1E,  40,  996, -999, -999, -999, -999, -999, -999, -999, -999, -999, -999, -999, -999, -999
19860814, 0000, , TS, 21.2N, 159.9E,  35,  999, -999, -999, -999, -999, -999, -999, -999, -999, -999, -999, -999, -999, -999
19860814, 0600, , TS, 22.0N, 157.4E,  40,  995, -999, -999, -999, -999, -999, -999, -999, -999, -999, -999, -999, -999, -999
19860814, 1200, , TS, 22.4N, 154.8E,  50,  989, -999, -999, -999, -999, -999, -999, -999, -999, -999, -999, -999, -999, -999
19860814, 1800, , TS, 21.7N, 151.8E,  60,  980, -999, -999, -999, -999, -999, -999, -999, -999, -999, -999, -999, -999, -999
19860815, 0000, , TS, 20.0N, 152.0E,  55,  982, -999, -999, -999, -999, -999, -999, -999, -999, -999, -999, -999, -999, -999
19860815, 0600, , TS, 19.1N, 153.2E,  45,  989, -999, -999, -999, -999, -999, -999, -999, -999, -999, -999, -999, -999, -999
19860815, 1200, , TD, 19.2N, 155.6E,  35,  996, -999, -999, -999, -999, -999, -999, -999, -999, -999, -999, -999, -999, -999
19860815, 1800, , TD, 20.3N, 157.0E,  30,  999, -999, -999, -999, -999, -999, -999, -999, -999, -999, -999, -999, -999, -999
19860816, 0000, , TD, 21.6N, 158.0E,  25, 1001, -999, -999, -999, -999, -999, -999, -999, -999, -999, -999, -999, -999, -999
19860816, 0600, , TD, 23.0N, 158.2E,  25, 1002, -999, -999, -999, -999, -999, -999, -999, -999, -999, -999, -999, -999, -999
19860816, 1200, , DB, 24.9N, 156.9E,  20, 1004, -999, -999, -999, -999, -999, -999, -999, -999, -999, -999, -999, -999, -999
19860816, 1800, , DB, 26.8N, 155.2E,  20, 1005, -999, -999, -999, -999, -999, -999, -999, -999, -999, -999, -999, -999, -999