19840724, 1200, , DB, 29.5N,  134.7E,   30, 1001, -999, -999, -999, -999, -999, -999, -999, -999, -999, -999, -999, -999,
19840725, 1800, , TD, 29.2N,  134.8E,   30, 1000, -999, -999, -999, -999, -999, -999, -999, -999, -999, -999, -999, -999,
19840725, 0000, , TD, 28.5N,  134.9E,   30,  999, -999, -999, -999, -999, -999, -999, -999, -999, -999, -999, -999, -999,
19840725, 0600, , TS, 28.0N,  135.1E,   35,  996, -999, -999, -999, -999, -999, -999, -999, -999, -999, -999, -999, -999,
19840725, 1200, , TS, 27.0N,  135.6E,   40,  992, -999, -999, -999, -999, -999, -999, -999, -999, -999, -999, -999, -999,
19840725, 1800, , TS, 26.2N,  136.4E,   45,  989, -999, -999, -999, -999, -999, -999, -999, -999, -999, -999, -999, -999,
19840726, 0000, , TS, 25.9N,  137.5E,   50,  985, -999, -999, -999, -999, -999, -999, -999, -999, -999, -999, -999, -999,
19840726, 0600, , TS, 25.6N,  138.7E,   50,  986, -999, -999, -999, -999, -999, -999, -999, -999, -999, -999, -999, -999,
19840726, 1200, , TS, 25.7N,  140.0E,   50,  985, -999, -999, -999, -999, -999, -999, -999, -999, -999, -999, -999, -999,
19840726, 1800, , TS, 26.4N,  140.6E,   55,  981, -999, -999, -999, -999, -999, -999, -999, -999, -999, -999, -999, -999,
19840727, 0000, , TS, 27.0N,  140.7E,   55,  982, -999, -999, -999, -999, -999, -999, -999, -999, -999, -999, -999, -999,
19840727, 0600, , HU, 27.7N,  140.4E,   65,  976, -999, -999, -999, -999, -999, -999, -999, -999, -999, -999, -999, -999,
19840727, 1200, , HU, 28.3N,  139.6E,   70,  973, -999, -999, -999, -999, -999, -999, -999, -999, -999, -999, -999, -999,
19840727, 1800, , HU, 28.7N,  138.7E,   70,  972, -999, -999, -999, -999, -999, -999, -999, -999, -999, -999, -999, -999,
19840728, 0000, , HU, 29.0N,  137.8E,   65,  975, -999, -999, -999, -999, -999, -999, -999, -999, -999, -999, -999, -999,
19840728, 0600, , HU, 29.3N,  136.7E,   75,  969, -999, -999, -999, -999, -999, -999, -999, -999, -999, -999, -999, -999,
19840728, 1200, , HU, 29.6N,  135.5E,   80,  965, -999, -999, -999, -999, -999, -999, -999, -999, -999, -999, -999, -999,
19840728, 1800, , HU, 29.8N,  134.2E,   75,  968, -999, -999, -999, -999, -999, -999, -999, -999, -999, -999, -999, -999,
19840729, 0000, , HU, 29.8N,  132.8E,   80,  965, -999, -999, -999, -999, -999, -999, -999, -999, -999, -999, -999, -999,
19840729, 0600, , HU, 29.8N,  131.8E,  100,  945, -999, -999, -999, -999, -999, -999, -999, -999, -999, -999, -999, -999,
19840729, 1200, , HU, 29.8N,  130.8E,  100,  947, -999, -999, -999, -999, -999, -999, -999, -999, -999, -999, -999, -999,
19840729, 1800, , HU, 30.2N,  129.6E,  100,  947, -999, -999, -999, -999, -999, -999, -999, -999, -999, -999, -999, -999,
19840730, 0000, , HU, 30.5N,  128.3E,   90,  953, -999, -999, -999, -999, -999, -999, -999, -999, -999, -999, -999, -999,
19840730, 0600, , HU, 31.1N,  126.8E,   85,  957, -999, -999, -999, -999, -999, -999, -999, -999, -999, -999, -999, -999,
19840730, 1200, , HU, 31.3N,  125.1E,   75,  965, -999, -999, -999, -999, -999, -999, -999, -999, -999, -999, -999, -999,
19840730, 1800, , HU, 31.6N,  123.8E,   70,  968, -999, -999, -999, -999, -999, -999, -999, -999, -999, -999, -999, -999,
19840731, 0000, , HU, 31.8N,  122.6E,   65,  972, -999, -999, -999, -999, -999, -999, -999, -999, -999, -999, -999, -999,
19840731, 0600, , TS, 32.2N,  121.6E,   60,  976, -999, -999, -999, -999, -999, -999, -999, -999, -999, -999, -999, -999,
19840731, 1200, , TS, 32.4N,  121.1E,   50,  984, -999, -999, -999, -999, -999, -999, -999, -999, -999, -999, -999, -999,
19840731, 1800, , TS, 32.8N,  120.7E,   45,  987, -999, -999, -999, -999, -999, -999, -999, -999, -999, -999, -999, -999,
19840801, 0000, , TS, 33.3N,  120.5E,   40,  989, -999, -999, -999, -999, -999, -999, -999, -999, -999, -999, -999, -999,
19840801, 0600, , TS, 33.7N,  120.3E,   40,  990, -999, -999, -999, -999, -999, -999, -999, -999, -999, -999, -999, -999,
19840801, 1200, , TS, 34.0N,  120.1E,   40,  991, -999, -999, -999, -999, -999, -999, -999, -999, -999, -999, -999, -999,
19840801, 1800, , DB, 34.3N,  119.8E,   40,  991, -999, -999, -999, -999, -999, -999, -999, -999, -999, -999, -999, -999,
19840802, 0000, , DB, 34.7N,  119.6E,   35,  992, -999, -999, -999, -999, -999, -999, -999, -999, -999, -999, -999, -999,
19840802, 0600, , DB, 35.0N,  119.4E,   30,  994, -999, -999, -999, -999, -999, -999, -999, -999, -999, -999, -999, -999,