19860702, 1200, , DB, 13.5N,  153.9E,   30, 1005, -999, -999, -999, -999, -999, -999, -999, -999, -999, -999, -999, -999,
19860702, 1800, , TD, 13.6N,  152.8E,   30, 1004, -999, -999, -999, -999, -999, -999, -999, -999, -999, -999, -999, -999,
19860703, 0000, , TS, 13.9N,  151.8E,   35, 1003, -999, -999, -999, -999, -999, -999, -999, -999, -999, -999, -999, -999,
19860703, 0600, , TS, 14.0N,  150.6E,   40, 1001, -999, -999, -999, -999, -999, -999, -999, -999, -999, -999, -999, -999,
19860703, 1200, , TS, 14.1N,  149.2E,   40, 1000, -999, -999, -999, -999, -999, -999, -999, -999, -999, -999, -999, -999,
19860703, 1800, , TS, 14.3N,  147.8E,   45,  997, -999, -999, -999, -999, -999, -999, -999, -999, -999, -999, -999, -999,
19860704, 0000, , TS, 14.4N,  146.4E,   50,  995, -999, -999, -999, -999, -999, -999, -999, -999, -999, -999, -999, -999,
19860704, 0600, , TS, 14.6N,  145.2E,   60,  987, -999, -999, -999, -999, -999, -999, -999, -999, -999, -999, -999, -999,
19860704, 1200, , HU, 14.7N,  144.0E,   70,  980, -999, -999, -999, -999, -999, -999, -999, -999, -999, -999, -999, -999,
19860704, 1800, , HU, 14.8N,  142.7E,   80,  976, -999, -999, -999, -999, -999, -999, -999, -999, -999, -999, -999, -999,
19860705, 0000, , HU, 15.0N,  141.3E,   85,  973, -999, -999, -999, -999, -999, -999, -999, -999, -999, -999, -999, -999,
19860705, 0600, , HU, 15.0N,  140.0E,  110,  953, -999, -999, -999, -999, -999, -999, -999, -999, -999, -999, -999, -999,
19860705, 1200, , HU, 15.1N,  138.7E,  120,  945, -999, -999, -999, -999, -999, -999, -999, -999, -999, -999, -999, -999,
19860705, 1800, , HU, 15.3N,  137.3E,  130,  938, -999, -999, -999, -999, -999, -999, -999, -999, -999, -999, -999, -999,
19860706, 0000, , HU, 15.5N,  136.0E,  135,  933, -999, -999, -999, -999, -999, -999, -999, -999, -999, -999, -999, -999,
19860706, 0600, , HU, 15.7N,  134.5E,  145,  917, -999, -999, -999, -999, -999, -999, -999, -999, -999, -999, -999, -999,
19860706, 1200, , HU, 16.0N,  133.2E,  155,  906, -999, -999, -999, -999, -999, -999, -999, -999, -999, -999, -999, -999,
19860706, 1800, , HU, 16.4N,  131.8E,  160,  899, -999, -999, -999, -999, -999, -999, -999, -999, -999, -999, -999, -999,
19860707, 0000, , HU, 16.7N,  130.4E,  155,  905, -999, -999, -999, -999, -999, -999, -999, -999, -999, -999, -999, -999,
19860707, 0600, , HU, 16.9N,  129.0E,  150,  910, -999, -999, -999, -999, -999, -999, -999, -999, -999, -999, -999, -999,
19860707, 1200, , HU, 17.1N,  127.7E,  135,  920, -999, -999, -999, -999, -999, -999, -999, -999, -999, -999, -999, -999,
19860707, 1800, , HU, 17.3N,  126.5E,  125,  926, -999, -999, -999, -999, -999, -999, -999, -999, -999, -999, -999, -999,
19860708, 0000, , HU, 17.3N,  125.6E,  120,  930, -999, -999, -999, -999, -999, -999, -999, -999, -999, -999, -999, -999,
19860708, 0600, , HU, 17.4N,  124.6E,  125,  920, -999, -999, -999, -999, -999, -999, -999, -999, -999, -999, -999, -999,
19860708, 1200, , HU, 17.6N,  123.6E,  115,  925, -999, -999, -999, -999, -999, -999, -999, -999, -999, -999, -999, -999,
19860708, 1800, , HU, 17.8N,  122.7E,  105,  934, -999, -999, -999, -999, -999, -999, -999, -999, -999, -999, -999, -999,
19860709, 0000, , HU, 17.9N,  122.0E,   90,  946, -999, -999, -999, -999, -999, -999, -999, -999, -999, -999, -999, -999,
19860709, 0600, , HU, 18.1N,  121.4E,   75,  960, -999, -999, -999, -999, -999, -999, -999, -999, -999, -999, -999, -999,
19860709, 1200, , TS, 18.6N,  120.8E,   60,  978, -999, -999, -999, -999, -999, -999, -999, -999, -999, -999, -999, -999,
19860709, 1800, , TS, 19.1N,  120.2E,   60,  977, -999, -999, -999, -999, -999, -999, -999, -999, -999, -999, -999, -999,
19860710, 0000, , HU, 19.5N,  119.4E,   65,  974, -999, -999, -999, -999, -999, -999, -999, -999, -999, -999, -999, -999,
19860710, 0600, , HU, 19.9N,  118.8E,   65,  976, -999, -999, -999, -999, -999, -999, -999, -999, -999, -999, -999, -999,
19860710, 1200, , HU, 20.7N,  118.2E,   70,  972, -999, -999, -999, -999, -999, -999, -999, -999, -999, -999, -999, -999,
19860710, 1800, , HU, 21.4N,  117.4E,   70,  971, -999, -999, -999, -999, -999, -999, -999, -999, -999, -999, -999, -999,
19860711, 0000, , HU, 22.3N,  116.6E,   70,  970, -999, -999, -999, -999, -999, -999, -999, -999, -999, -999, -999, -999,
19860711, 0600, , HU, 22.9N,  115.7E,   75,  966, -999, -999, -999, -999, -999, -999, -999, -999, -999, -999, -999, -999,
19860711, 1200, , HU, 23.5N,  114.8E,   70,  970, -999, -999, -999, -999, -999, -999, -999, -999, -999, -999, -999, -999,
19860711, 1800, , TS, 23.7N,  114.1E,   60,  989, -999, -999, -999, -999, -999, -999, -999, -999, -999, -999, -999, -999,
19860712, 0000, , TS, 24.0N,  113.2E,   50,  992, -999, -999, -999, -999, -999, -999, -999, -999, -999, -999, -999, -999,
19860712, 0600, , TS, 24.5N,  112.5E,   40,  996, -999, -999, -999, -999, -999, -999, -999, -999, -999, -999, -999, -999,
19860712, 1200, , TS, 25.0N,  111.5E,   35,  999, -999, -999, -999, -999, -999, -999, -999, -999, -999, -999, -999, -999,
19860712, 1800, , TD, 25.2N,  111.0E,   25, 1001, -999, -999, -999, -999, -999, -999, -999, -999, -999, -999, -999, -999,
19860713, 0000, , DB, 25.4N,  110.5E,   20, 1004, -999, -999, -999, -999, -999, -999, -999, -999, -999, -999, -999, -999,