19860712, 0600, , DB, 16.3N,  144.0E,   30, 1004, -999, -999, -999, -999, -999, -999, -999, -999, -999, -999, -999, -999,
19860712, 1200, , TD, 16.4N,  142.8E,   30, 1003, -999, -999, -999, -999, -999, -999, -999, -999, -999, -999, -999, -999,
19860712, 1800, , TS, 16.5N,  141.0E,   35, 1000, -999, -999, -999, -999, -999, -999, -999, -999, -999, -999, -999, -999,
19860713, 0000, , TS, 16.7N,  139.4E,   35,  999, -999, -999, -999, -999, -999, -999, -999, -999, -999, -999, -999, -999,
19860713, 0600, , TS, 17.6N,  138.1E,   45,  993, -999, -999, -999, -999, -999, -999, -999, -999, -999, -999, -999, -999,
19860713, 1200, , TS, 18.6N,  137.0E,   50,  990, -999, -999, -999, -999, -999, -999, -999, -999, -999, -999, -999, -999,
19860713, 1800, , TS, 19.6N,  136.1E,   55,  985, -999, -999, -999, -999, -999, -999, -999, -999, -999, -999, -999, -999,
19860714, 0000, , TS, 20.6N,  135.1E,   55,  986, -999, -999, -999, -999, -999, -999, -999, -999, -999, -999, -999, -999,
19860714, 0600, , TS, 21.4N,  134.1E,   60,  983, -999, -999, -999, -999, -999, -999, -999, -999, -999, -999, -999, -999,
19860714, 1200, , HU, 22.3N,  133.0E,   65,  979, -999, -999, -999, -999, -999, -999, -999, -999, -999, -999, -999, -999,
19860714, 1800, , HU, 23.0N,  132.0E,   70,  975, -999, -999, -999, -999, -999, -999, -999, -999, -999, -999, -999, -999,
19860715, 0000, , HU, 23.9N,  131.1E,   80,  967, -999, -999, -999, -999, -999, -999, -999, -999, -999, -999, -999, -999,
19860715, 0600, , HU, 24.6N,  130.5E,   90,  960, -999, -999, -999, -999, -999, -999, -999, -999, -999, -999, -999, -999,
19860715, 1200, , HU, 25.2N,  129.9E,   95,  955, -999, -999, -999, -999, -999, -999, -999, -999, -999, -999, -999, -999,
19860715, 1800, , HU, 25.8N,  129.4E,   85,  962, -999, -999, -999, -999, -999, -999, -999, -999, -999, -999, -999, -999,
19860716, 0000, , HU, 26.4N,  129.1E,   75,  970, -999, -999, -999, -999, -999, -999, -999, -999, -999, -999, -999, -999,
19860716, 0600, , HU, 27.2N,  128.9E,   65,  981, -999, -999, -999, -999, -999, -999, -999, -999, -999, -999, -999, -999,
19860716, 1200, , TS, 28.2N,  129.2E,   60,  984, -999, -999, -999, -999, -999, -999, -999, -999, -999, -999, -999, -999,
19860716, 1800, , TS, 29.3N,  129.6E,   55,  987, -999, -999, -999, -999, -999, -999, -999, -999, -999, -999, -999, -999,
19860717, 0000, , TS, 30.6N,  130.7E,   50,  990, -999, -999, -999, -999, -999, -999, -999, -999, -999, -999, -999, -999,
19860717, 0600, , TS, 31.9N,  132.4E,   40,  997, -999, -999, -999, -999, -999, -999, -999, -999, -999, -999, -999, -999,
19860717, 1200, , EX, 32.8N,  134.8E,   40,  996, -999, -999, -999, -999, -999, -999, -999, -999, -999, -999, -999, -999,