19860730, 1200, , DB, 15.2N,  130.5E,   30,  999, -999, -999, -999, -999, -999, -999, -999, -999, -999, -999, -999, -999,
19860730, 1800, , DB, 15.5N,  129.3E,   30,  999, -999, -999, -999, -999, -999, -999, -999, -999, -999, -999, -999, -999,
19860731, 0000, , TD, 15.9N,  128.1E,   30,  998, -999, -999, -999, -999, -999, -999, -999, -999, -999, -999, -999, -999,
19860731, 0600, , TS, 16.3N,  126.9E,   35,  995, -999, -999, -999, -999, -999, -999, -999, -999, -999, -999, -999, -999,
19860731, 1200, , TS, 16.6N,  125.8E,   35,  994, -999, -999, -999, -999, -999, -999, -999, -999, -999, -999, -999, -999,
19860731, 1800, , TS, 16.7N,  125.0E,   40,  991, -999, -999, -999, -999, -999, -999, -999, -999, -999, -999, -999, -999,
19860801, 0000, , TS, 16.9N,  124.2E,   35,  993, -999, -999, -999, -999, -999, -999, -999, -999, -999, -999, -999, -999,
19860801, 0600, , TS, 17.1N,  124.2E,   35,  992, -999, -999, -999, -999, -999, -999, -999, -999, -999, -999, -999, -999,
19860801, 1200, , TS, 17.4N,  124.0E,   35,  991, -999, -999, -999, -999, -999, -999, -999, -999, -999, -999, -999, -999,
19860801, 1800, , TS, 18.0N,  124.1E,   35,  990, -999, -999, -999, -999, -999, -999, -999, -999, -999, -999, -999, -999,
19860802, 0000, , TS, 18.5N,  124.8E,   40,  987, -999, -999, -999, -999, -999, -999, -999, -999, -999, -999, -999, -999,
19860802, 0600, , TS, 19.0N,  125.3E,   40,  986, -999, -999, -999, -999, -999, -999, -999, -999, -999, -999, -999, -999,
19860802, 1200, , TS, 19.8N,  126.2E,   40,  986, -999, -999, -999, -999, -999, -999, -999, -999, -999, -999, -999, -999,
19860802, 1800, , TS, 20.5N,  126.9E,   45,  984, -999, -999, -999, -999, -999, -999, -999, -999, -999, -999, -999, -999,
19860803, 0000, , TS, 21.3N,  127.8E,   45,  983, -999, -999, -999, -999, -999, -999, -999, -999, -999, -999, -999, -999,
19860803, 0600, , TS, 22.0N,  128.5E,   40,  985, -999, -999, -999, -999, -999, -999, -999, -999, -999, -999, -999, -999,
19860803, 1200, , TS, 23.3N,  129.6E,   40,  986, -999, -999, -999, -999, -999, -999, -999, -999, -999, -999, -999, -999,
19860803, 1800, , TS, 25.3N,  131.6E,   40,  987, -999, -999, -999, -999, -999, -999, -999, -999, -999, -999, -999, -999,
19860804, 0000, , TS, 27.8N,  133.8E,   40,  988, -999, -999, -999, -999, -999, -999, -999, -999, -999, -999, -999, -999,
19860804, 0600, , TS, 30.3N,  136.7E,   40,  986, -999, -999, -999, -999, -999, -999, -999, -999, -999, -999, -999, -999,
19860804, 1200, , EX, 33.3N,  139.9E,   35,  989, -999, -999, -999, -999, -999, -999, -999, -999, -999, -999, -999, -999,