WP, 09, 2004061118,   , BEST,   0,  64N, 1400E,  20, 1006, DB,   0,    ,    0,    0,    0,    0, 
WP, 09, 2004061200,   , BEST,   0,  69N, 1393E,  20, 1005, DB,   0,    ,    0,    0,    0,    0, 
WP, 09, 2004061206,   , BEST,   0,  73N, 1385E,  20, 1005, DB,   0,    ,    0,    0,    0,    0, 
WP, 09, 2004061212,   , BEST,   0,  76N, 1380E,  25, 1004, DB,   0,    ,    0,    0,    0,    0, 
WP, 09, 2004061218,   , BEST,   0,  78N, 1374E,  30, 1002, DB,   0,    ,    0,    0,    0,    0, 1004,  130,  40,   0,   0, 
WP, 09, 2004061300,   , BEST,   0,  81N, 1369E,  35, 1001, TS,   0,    ,    0,    0,    0,    0,    0,    0,   0,  40,   0, 
WP, 09, 2004061306,   , BEST,   0,  85N, 1364E,  35, 1000, TS,   0,    ,    0,    0,    0,    0,    0,    0,   0,  40,   0, 
WP, 09, 2004061312,   , BEST,   0,  89N, 1361E,  40,  998, TS,   0,    ,    0,    0,    0,    0,    0,    0,   0,  40,   0, 
WP, 09, 2004061318,   , BEST,   0,  92N, 1363E,  50,  990, TS,   0,    ,    0,    0,    0,    0,    0,    0,   0,  45,   0, 
WP, 09, 2004061400,   , BEST,   0,  94N, 1366E,  60,  982, TS,  34, NEQ,   90,   70,   70,   90,    0,    0,   0,  55,   0, 
WP, 09, 2004061406,   , BEST,   0,  96N, 1369E,  70,  976, TY,  34, NEQ,  100,   80,   80,  100,    0,    0,   0,  70,   0, 
WP, 09, 2004061412,   , BEST,   0,  99N, 1374E,  80,  968, TY,  34, NEQ,  100,   80,   80,  100,    0,    0,   0,  70,   0, 
WP, 09, 2004061418,   , BEST,   0, 107N, 1374E,  90,  962, TY,  34, NEQ,  100,  100,  110,  100, 1002,  140,  15,   0,   0, 
WP, 09, 2004061500,   , BEST,   0, 114N, 1374E, 105,  950, TY,  34, NEQ,  100,  100,  110,  100,    0,    0,   0,  85,   0, 
WP, 09, 2004061506,   , BEST,   0, 119N, 1371E, 125,  930, TY,  34, NEQ,  105,  105,  115,  105,    0,    0,   0, 105,   0, 
WP, 09, 2004061512,   , BEST,   0, 127N, 1369E, 155,  892, ST,  34, NEQ,  140,  140,  160,  140,    0,    0,   0, 145,   0, 
WP, 09, 2004061518,   , BEST,   0, 135N, 1368E, 175,  877, ST,  34, NEQ,  130,  140,  130,  130,    0,    0,   0, 175,   0, 
WP, 09, 2004061600,   , BEST,   0, 144N, 1365E, 175,  876, ST,  34, NEQ,  145,  140,  140,  130,    0,    0,   0, 180,   0, 
WP, 09, 2004061606,   , BEST,   0, 152N, 1360E, 170,  881, ST,  34, NEQ,  140,  150,  140,  140,    0,    0,   0, 190,   0, 
WP, 09, 2004061612,   , BEST,   0, 159N, 1356E, 160,  890, ST,  34, NEQ,  140,  150,  140,  140, 1004,  160,   5,   0,  10, 
WP, 09, 2004061618,   , BEST,   0, 165N, 1351E, 150,  898, ST,  34, NEQ,  140,  150,  140,  140,    0,    0,   0, 190,   0, 
WP, 09, 2004061700,   , BEST,   0, 172N, 1346E, 145,  908, ST,  34, NEQ,  140,  150,  140,  140,    0,    0,   0, 190,   0, 
WP, 09, 2004061706,   , BEST,   0, 174N, 1337E, 135,  916, ST,  34, NEQ,  150,  150,  150,  150,    0,    0,   0, 170,   0, 
WP, 09, 2004061712,   , BEST,   0, 177N, 1328E, 130,  920, ST,  34, NEQ,  150,  150,  170,  170,    0,    0,   0, 160,   0, 
WP, 09, 2004061718,   , BEST,   0, 181N, 1320E, 125,  924, TY,  34, NEQ,  150,  150,  170,  170,    0,    0,   0, 150,   0, 
WP, 09, 2004061800,   , BEST,   0, 187N, 1315E, 125,  923, TY,  34, NEQ,  150,  150,  170,  170,    0,    0,   0, 140,   0, 
WP, 09, 2004061806,   , BEST,   0, 194N, 1310E, 130,  920, ST,  34, NEQ,  150,  150,  160,  170,    0,    0,   0, 145,   0, 
WP, 09, 2004061812,   , BEST,   0, 202N, 1303E, 130,  921, ST,  34, NEQ,  150,  150,  160,  170,    0,    0,   0, 150,   0, 
WP, 09, 2004061818,   , BEST,   0, 212N, 1297E, 125,  925, TY,  34, NEQ,  160,  160,  180,  180,    0,    0,   0, 150,   0, 
WP, 09, 2004061900,   , BEST,   0, 223N, 1294E, 115,  933, TY,  34, NEQ,  220,  220,  180,  180,    0,    0,   0, 150,   0, 
WP, 09, 2004061906,   , BEST,   0, 234N, 1291E, 110,  937, TY,  34, NEQ,  200,  220,  180,  180,  996,  220,  10,   0,  15, 
WP, 09, 2004061912,   , BEST,   0, 245N, 1291E, 100,  945, TY,  34, NEQ,  220,  200,  180,  180,    0,    0,   0, 130,   0, 
WP, 09, 2004061918,   , BEST,   0, 257N, 1294E,  95,  949, TY,  34, NEQ,  200,  200,  180,  120,    0,    0,   0, 110,   0, 
WP, 09, 2004062000,   , BEST,   0, 269N, 1297E,  90,  953, TY,  34, NEQ,  180,  200,  180,  120,    0,    0,   0, 100,   0, 
WP, 09, 2004062006,   , BEST,   0, 282N, 1304E,  80,  961, TY,  34, NEQ,  200,  200,  180,  120,    0,    0,   0,  85,   0, 
WP, 09, 2004062012,   , BEST,   0, 295N, 1313E,  75,  965, TY,  34, NEQ,  180,  180,  160,  160,    0,    0,   0,  85,   0, 
WP, 09, 2004062018,   , BEST,   0, 309N, 1322E,  70,  969, TY,  34, NEQ,  120,  120,   60,   80,    0,    0,   0,  75,   0, 
WP, 09, 2004062100,   , BEST,   0, 328N, 1337E,  65,  973, TY,  34, NEQ,  120,  120,   60,   80,    0,    0,   0,  70,   0, 
WP, 09, 2004062106,   , BEST,   0, 354N, 1356E,  55,  979, TS,  34, NEQ,  120,  120,  100,   80,    0,    0,   0,  70,   0, 
WP, 09, 2004062112,   , BEST,   0, 386N, 1384E,  45,  985, TS,  34, NEQ,  120,   90,  120,   90,    0,    0,   0,  50,   0, 
WP, 09, 2004062118,   , BEST,   0, 415N, 1397E,  40,  988, EX,  34, NEQ,  100,   80,  100,   80,    0,    0,   0,  45,   0, 