WP, 10, 2004062118,   , BEST,   0, 130N, 1473E,  25, 1007, DB,   0,    ,    0,    0,    0,    0, 
WP, 10, 2004062200,   , BEST,   0, 137N, 1472E,  25, 1006, DB,   0,    ,    0,    0,    0,    0, 
WP, 10, 2004062206,   , BEST,   0, 143N, 1468E,  25, 1006, DB,   0,    ,    0,    0,    0,    0, 
WP, 10, 2004062212,   , BEST,   0, 147N, 1462E,  30, 1004, DB,   0,    ,    0,    0,    0,    0, 
WP, 10, 2004062218,   , BEST,   0, 151N, 1455E,  35, 1003, TS,   0,    ,    0,    0,    0,    0, 
WP, 10, 2004062300,   , BEST,   0, 156N, 1445E,  40, 1000, TS,   0,    ,    0,    0,    0,    0, 
WP, 10, 2004062306,   , BEST,   0, 162N, 1435E,  45,  996, TS,   0,    ,    0,    0,    0,    0,    0,    0,   0,  40,   0, 
WP, 10, 2004062312,   , BEST,   0, 168N, 1425E,  45,  995, TS,   0,    ,    0,    0,    0,    0,    0,    0,   0,  45,   0, 
WP, 10, 2004062318,   , BEST,   0, 170N, 1413E,  50,  992, TS,   0,    ,    0,    0,    0,    0,    0,    0,   0,  45,   0, 
WP, 10, 2004062400,   , BEST,   0, 171N, 1400E,  55,  988, TS,  34, NEQ,   80,   80,  150,  150,    0,    0,   0,  55,   0, 
WP, 10, 2004062406,   , BEST,   0, 164N, 1385E,  60,  984, TS,  34, NEQ,   90,   90,  140,  140,    0,    0,   0,  55,   0, 
WP, 10, 2004062412,   , BEST,   0, 158N, 1371E,  65,  980, TY,  34, NEQ,   85,   85,  145,  145,    0,    0,   0,  65,   0, 
WP, 10, 2004062418,   , BEST,   0, 154N, 1359E,  65,  981, TY,  34, NEQ,   85,   85,  150,  150,    0,    0,   0,  70,   0, 
WP, 10, 2004062500,   , BEST,   0, 151N, 1349E,  60,  984, TS,  34, NEQ,   60,   60,  120,  120,    0,    0,   0,  55,   0, 
WP, 10, 2004062506,   , BEST,   0, 151N, 1339E,  55,  988, TS,  34, NEQ,   60,   60,  120,  120,    0,    0,   0,  55,   0, 
WP, 10, 2004062512,   , BEST,   0, 150N, 1331E,  55,  989, TS,  34, NEQ,   60,   60,  120,  120,    0,    0,   0,  65,   0, 
WP, 10, 2004062518,   , BEST,   0, 150N, 1323E,  55,  988, TS,  34, NEQ,   60,   60,  120,  120,    0,    0,   0,  65,   0, 
WP, 10, 2004062600,   , BEST,   0, 150N, 1313E,  60,  987, TS,  34, NEQ,   60,   60,  120,  120,    0,    0,   0,  65,   0, 
WP, 10, 2004062606,   , BEST,   0, 151N, 1304E,  65,  983, TY,  34, NEQ,   60,  120,  120,   60,    0,    0,   0,  65,   0, 
WP, 10, 2004062612,   , BEST,   0, 154N, 1297E,  70,  975, TY,  34, NEQ,   60,  120,  120,   60,    0,    0,   0,  65,   0, 
WP, 10, 2004062618,   , BEST,   0, 158N, 1291E,  75,  971, TY,  34, NEQ,   60,  120,  120,   60,    0,    0,   0,  70,   0, 
WP, 10, 2004062700,   , BEST,   0, 163N, 1285E,  80,  967, TY,  34, NEQ,   60,  120,  120,   60,    0,    0,   0,  75,   0, 
WP, 10, 2004062706,   , BEST,   0, 168N, 1278E,  90,  959, TY,  34, NEQ,  120,  140,  140,  120,    0,    0,   0,  80,   0, 
WP, 10, 2004062712,   , BEST,   0, 173N, 1271E, 100,  947, TY,  34, NEQ,  150,  150,  150,  150,    0,    0,   0,  90,   0, 
WP, 10, 2004062718,   , BEST,   0, 178N, 1264E, 115,  935, TY,  34, NEQ,  150,  150,  150,  150,    0,    0,   0, 100,   0, 
WP, 10, 2004062800,   , BEST,   0, 181N, 1260E, 115,  934, TY,  34, NEQ,  180,  180,  150,  180,    0,    0,   0, 115,   0, 
WP, 10, 2004062806,   , BEST,   0, 183N, 1255E, 120,  930, TY,  34, NEQ,  185,  185,  155,  185,    0,    0,   0, 140,   0, 
WP, 10, 2004062812,   , BEST,   0, 185N, 1250E, 125,  926, TY,  34, NEQ,  180,  180,  150,  180,    0,    0,   0, 140,   0, 
WP, 10, 2004062818,   , BEST,   0, 186N, 1245E, 125,  925, TY,  34, NEQ,  185,  185,  155,  185,    0,    0,   0, 150,   0, 
WP, 10, 2004062900,   , BEST,   0, 187N, 1240E, 125,  926, TY,  34, NEQ,  185,  185,  155,  185,    0,    0,   0, 150,   0, 
WP, 10, 2004062906,   , BEST,   0, 188N, 1235E, 120,  930, TY,  34, NEQ,  155,  180,  160,  155,  998,  210,  15,   0,   0, 
WP, 10, 2004062912,   , BEST,   0, 189N, 1231E, 110,  939, TY,  34, NEQ,  155,  180,  160,  155,    0,    0,   0, 150,   0, 
WP, 10, 2004062918,   , BEST,   0, 190N, 1227E, 105,  943, TY,  34, NEQ,  155,  145,  130,  155,    0,    0,   0, 150,   0, 
WP, 10, 2004063000,   , BEST,   0, 191N, 1223E, 100,  947, TY,  34, NEQ,  145,  145,  120,  130,    0,    0,   0, 140,   0, 
WP, 10, 2004063006,   , BEST,   0, 193N, 1219E,  95,  951, TY,  34, NEQ,  145,  145,  120,  130,    0,    0,   0, 130,   0, 
WP, 10, 2004063012,   , BEST,   0, 199N, 1221E,  85,  959, TY,  34, NEQ,  145,  145,  120,  130,    0,    0,   0, 110,   0, 
WP, 10, 2004063018,   , BEST,   0, 207N, 1220E,  75,  967, TY,  34, NEQ,  145,  145,  120,  130,    0,    0,   0, 100,   0, 
WP, 10, 2004070100,   , BEST,   0, 216N, 1218E,  70,  970, TY,  34, NEQ,  145,  145,  110,  145,    0,    0,   0,  90,   0, 
WP, 10, 2004070106,   , BEST,   0, 224N, 1217E,  75,  967, TY,  34, NEQ,  125,  120,  100,  125,    0,    0,   0,  80,   0, 
WP, 10, 2004070112,   , BEST,   0, 233N, 1218E,  75,  966, TY,  34, NEQ,  125,  120,  100,  125,    0,    0,   0,  80,   0, 
WP, 10, 2004070118,   , BEST,   0, 241N, 1216E,  70,  970, TY,  34, NEQ,  100,  120,  100,  120,    0,    0,   0,  70,   0, 
WP, 10, 2004070200,   , BEST,   0, 248N, 1215E,  55,  982, TS,  34, NEQ,   80,  100,   80,   65,    0,    0,   0,  65,   0, 
WP, 10, 2004070206,   , BEST,   0, 252N, 1210E,  50,  985, TS,  34, NEQ,   80,   60,   40,   80,    0,    0,   0,  55,   0, 
WP, 10, 2004070212,   , BEST,   0, 261N, 1210E,  45,  986, TS,  34, NEQ,   80,   60,   40,   80,    0,    0,   0,  50,   0, 
WP, 10, 2004070218,   , BEST,   0, 270N, 1209E,  45,  987, TS,  34, NEQ,   80,   60,   40,   80,    0,    0,   0,  50,   0, 
WP, 10, 2004070300,   , BEST,   0, 279N, 1213E,  45,  988, TS,  34, NEQ,   75,   55,   40,   75,    0,    0,   0,  45,   0, 
WP, 10, 2004070306,   , BEST,   0, 287N, 1219E,  45,  987, TS,  34, NEQ,   75,   55,   40,   75, 
WP, 10, 2004070312,   , BEST,   0, 303N, 1223E,  50,  985, TS,  34, NEQ,   75,   55,   40,   75,    0,    0,   0,  45,   0, 
WP, 10, 2004070318,   , BEST,   0, 318N, 1232E,  50,  984, TS,   0,    ,    0,    0,    0,    0,    0,    0,   0,  40,   0, 
WP, 10, 2004070400,   , BEST,   0, 335N, 1245E,  50,  984, TS,   0,    ,    0,    0,    0,    0,    0,    0,   0,  40,   0, 
WP, 10, 2004070406,   , BEST,   0, 349N, 1252E,  50,  985, EX,   0,    ,    0,    0,    0,    0,    0,    0,   0,  35,   0, 