19860811, 0600, , DB, 17.7N,  158.9E,   25, 1001, -999, -999, -999, -999, -999, -999, -999, -999, -999, -999, -999, -999,
19860811, 1200, , DB, 17.9N,  158.7E,   25, 1000, -999, -999, -999, -999, -999, -999, -999, -999, -999, -999, -999, -999,
19860811, 1800, , TD, 18.0N,  158.6E,   25,  999, -999, -999, -999, -999, -999, -999, -999, -999, -999, -999, -999, -999,
19860812, 0000, , TD, 18.2N,  158.4E,   30,  996, -999, -999, -999, -999, -999, -999, -999, -999, -999, -999, -999, -999,
19860812, 0600, , TD, 18.3N,  158.1E,   30,  995, -999, -999, -999, -999, -999, -999, -999, -999, -999, -999, -999, -999,
19860812, 1200, , TS, 18.4N,  157.9E,   35,  993, -999, -999, -999, -999, -999, -999, -999, -999, -999, -999, -999, -999,
19860812, 1800, , TS, 18.5N,  157.7E,   35,  992, -999, -999, -999, -999, -999, -999, -999, -999, -999, -999, -999, -999,
19860813, 0000, , TS, 18.4N,  157.3E,   35,  991, -999, -999, -999, -999, -999, -999, -999, -999, -999, -999, -999, -999,
19860813, 0600, , TS, 18.7N,  156.9E,   40,  988, -999, -999, -999, -999, -999, -999, -999, -999, -999, -999, -999, -999,
19860813, 1200, , TS, 18.8N,  156.4E,   40,  989, -999, -999, -999, -999, -999, -999, -999, -999, -999, -999, -999, -999,
19860813, 1800, , TS, 18.8N,  155.9E,   40,  988, -999, -999, -999, -999, -999, -999, -999, -999, -999, -999, -999, -999,
19860814, 0000, , TS, 18.6N,  156.1E,   40,  987, -999, -999, -999, -999, -999, -999, -999, -999, -999, -999, -999, -999,
19860814, 0600, , TS, 19.0N,  156.4E,   40,  986, -999, -999, -999, -999, -999, -999, -999, -999, -999, -999, -999, -999,
19860814, 1200, , TS, 19.5N,  156.4E,   40,  986, -999, -999, -999, -999, -999, -999, -999, -999, -999, -999, -999, -999,
19860814, 1800, , TS, 19.9N,  156.4E,   45,  982, -999, -999, -999, -999, -999, -999, -999, -999, -999, -999, -999, -999,
19860815, 0000, , TS, 20.5N,  156.3E,   50,  980, -999, -999, -999, -999, -999, -999, -999, -999, -999, -999, -999, -999,
19860815, 0600, , TS, 21.3N,  156.2E,   50,  981, -999, -999, -999, -999, -999, -999, -999, -999, -999, -999, -999, -999,
19860815, 1200, , TS, 22.7N,  155.9E,   50,  980, -999, -999, -999, -999, -999, -999, -999, -999, -999, -999, -999, -999,
19860815, 1800, , TS, 23.7N,  154.8E,   60,  972, -999, -999, -999, -999, -999, -999, -999, -999, -999, -999, -999, -999,
19860816, 0000, , HU, 24.4N,  154.0E,   70,  966, -999, -999, -999, -999, -999, -999, -999, -999, -999, -999, -999, -999,
19860816, 0600, , HU, 24.9N,  153.5E,   70,  967, -999, -999, -999, -999, -999, -999, -999, -999, -999, -999, -999, -999,
19860816, 1200, , HU, 25.2N,  153.2E,   70,  967, -999, -999, -999, -999, -999, -999, -999, -999, -999, -999, -999, -999,
19860816, 1800, , HU, 25.4N,  153.0E,   65,  969, -999, -999, -999, -999, -999, -999, -999, -999, -999, -999, -999, -999,
19860817, 0000, , HU, 25.7N,  152.9E,   65,  969, -999, -999, -999, -999, -999, -999, -999, -999, -999, -999, -999, -999,
19860817, 0600, , TS, 26.2N,  153.3E,   60,  973, -999, -999, -999, -999, -999, -999, -999, -999, -999, -999, -999, -999,
19860817, 1200, , TS, 26.5N,  154.4E,   60,  975, -999, -999, -999, -999, -999, -999, -999, -999, -999, -999, -999, -999,
19860817, 1800, , TS, 26.8N,  155.4E,   60,  975, -999, -999, -999, -999, -999, -999, -999, -999, -999, -999, -999, -999,
19860818, 0000, , TS, 27.0N,  156.7E,   60,  975, -999, -999, -999, -999, -999, -999, -999, -999, -999, -999, -999, -999,
19860818, 0600, , TS, 27.0N,  157.7E,   55,  978, -999, -999, -999, -999, -999, -999, -999, -999, -999, -999, -999, -999,
19860818, 1200, , TS, 27.0N,  158.7E,   50,  981, -999, -999, -999, -999, -999, -999, -999, -999, -999, -999, -999, -999,
19860818, 1800, , TS, 27.0N,  159.8E,   50,  982, -999, -999, -999, -999, -999, -999, -999, -999, -999, -999, -999, -999,
19860819, 0000, , TS, 27.1N,  161.2E,   50,  983, -999, -999, -999, -999, -999, -999, -999, -999, -999, -999, -999, -999,
19860819, 0600, , TS, 27.5N,  162.5E,   50,  982, -999, -999, -999, -999, -999, -999, -999, -999, -999, -999, -999, -999,
19860819, 1200, , TS, 28.3N,  164.4E,   50,  981, -999, -999, -999, -999, -999, -999, -999, -999, -999, -999, -999, -999,
19860819, 1800, , TS, 29.6N,  165.1E,   50,  980, -999, -999, -999, -999, -999, -999, -999, -999, -999, -999, -999, -999,
19860820, 0000, , TS, 30.8N,  165.1E,   50,  982, -999, -999, -999, -999, -999, -999, -999, -999, -999, -999, -999, -999,
19860820, 0600, , TS, 32.3N,  164.7E,   50,  981, -999, -999, -999, -999, -999, -999, -999, -999, -999, -999, -999, -999,
19860820, 1200, , TS, 33.9N,  164.0E,   55,  978, -999, -999, -999, -999, -999, -999, -999, -999, -999, -999, -999, -999,
19860820, 1800, , TS, 35.6N,  163.0E,   50,  981, -999, -999, -999, -999, -999, -999, -999, -999, -999, -999, -999, -999,
19860821, 0000, , TS, 37.0N,  162.0E,   45,  984, -999, -999, -999, -999, -999, -999, -999, -999, -999, -999, -999, -999,
19860821, 0600, , EX, 38.0N,  161.0E,   40,  987, -999, -999, -999, -999, -999, -999, -999, -999, -999, -999, -999, -999,
19860821, 1200, , EX, 38.0N,  160.0E,   35,  990, -999, -999, -999, -999, -999, -999, -999, -999, -999, -999, -999, -999,
19860821, 1800, , EX, 37.5N,  159.5E,   30,  991, -999, -999, -999, -999, -999, -999, -999, -999, -999, -999, -999, -999,
19860822, 0000, , EX, 37.0N,  159.0E,   30,  992, -999, -999, -999, -999, -999, -999, -999, -999, -999, -999, -999, -999,
19860822, 0600, , EX, 36.0N,  158.0E,   30,  993, -999, -999, -999, -999, -999, -999, -999, -999, -999, -999, -999, -999,
19860822, 1200, , EX, 36.0N,  157.0E,   30,  992, -999, -999, -999, -999, -999, -999, -999, -999, -999, -999, -999, -999,
19860822, 1800, , EX, 36.0N,  156.0E,   30,  992, -999, -999, -999, -999, -999, -999, -999, -999, -999, -999, -999, -999,
19860823, 0000, , EX, 37.0N,  154.0E,   30,  991, -999, -999, -999, -999, -999, -999, -999, -999, -999, -999, -999, -999,
19860823, 0600, , EX, 38.0N,  152.0E,   30,  990, -999, -999, -999, -999, -999, -999, -999, -999, -999, -999, -999, -999,
19860823, 1200, , EX, 40.0N,  150.0E,   30,  989, -999, -999, -999, -999, -999, -999, -999, -999, -999, -999, -999, -999,
19860823, 1800, , EX, 40.5N,  149.0E,   30,  989, -999, -999, -999, -999, -999, -999, -999, -999, -999, -999, -999, -999,
19860824, 0000, , EX, 41.0N,  148.0E,   30,  989, -999, -999, -999, -999, -999, -999, -999, -999, -999, -999, -999, -999,
19860824, 0600, , EX, 41.5N,  147.0E,   30,  990, -999, -999, -999, -999, -999, -999, -999, -999, -999, -999, -999, -999,
19860824, 1200, , EX, 42.0N,  147.5E,   30,  990, -999, -999, -999, -999, -999, -999, -999, -999, -999, -999, -999, -999,
19860824, 1800, , EX, 43.0N,  148.0E,   25,  991, -999, -999, -999, -999, -999, -999, -999, -999, -999, -999, -999, -999,
19860825, 0000, , EX, 44.0N,  148.0E,   25,  992, -999, -999, -999, -999, -999, -999, -999, -999, -999, -999, -999, -999,