19860815, 0600, , DB, 18.3N,  129.3E,   30, 1000, -999, -999, -999, -999, -999, -999, -999, -999, -999, -999, -999, -999,
19860815, 1200, , TS, 18.7N,  129.0E,   35,  998, -999, -999, -999, -999, -999, -999, -999, -999, -999, -999, -999, -999,
19860815, 1800, , TS, 19.0N,  129.4E,   40,  995, -999, -999, -999, -999, -999, -999, -999, -999, -999, -999, -999, -999,
19860816, 0000, , TS, 18.9N,  129.6E,   45,  991, -999, -999, -999, -999, -999, -999, -999, -999, -999, -999, -999, -999,
19860816, 0600, , TS, 18.8N,  129.8E,   45,  989, -999, -999, -999, -999, -999, -999, -999, -999, -999, -999, -999, -999,
19860816, 1200, , TS, 18.6N,  129.9E,   55,  980, -999, -999, -999, -999, -999, -999, -999, -999, -999, -999, -999, -999,
19860816, 1800, , TS, 18.4N,  129.9E,   55,  981, -999, -999, -999, -999, -999, -999, -999, -999, -999, -999, -999, -999,
19860817, 0000, , TS, 18.2N,  129.8E,   50,  984, -999, -999, -999, -999, -999, -999, -999, -999, -999, -999, -999, -999,
19860817, 0600, , TS, 17.9N,  129.0E,   40,  990, -999, -999, -999, -999, -999, -999, -999, -999, -999, -999, -999, -999,
19860817, 1200, , DB, 17.8N,  128.0E,   30,  996, -999, -999, -999, -999, -999, -999, -999, -999, -999, -999, -999, -999,
19860817, 1800, , DB, 17.8N,  126.8E,   25,  999, -999, -999, -999, -999, -999, -999, -999, -999, -999, -999, -999, -999,