19860816, 0600, , DB, 17.5N,  117.5E,   15, 1009, -999, -999, -999, -999, -999, -999, -999, -999, -999, -999, -999, -999,
19860816, 1200, , DB, 16.7N,  116.7E,   20, 1008, -999, -999, -999, -999, -999, -999, -999, -999, -999, -999, -999, -999,
19860816, 1800, , DB, 16.4N,  115.9E,   20, 1007, -999, -999, -999, -999, -999, -999, -999, -999, -999, -999, -999, -999,
19860817, 0000, , DB, 15.9N,  115.4E,   25, 1007, -999, -999, -999, -999, -999, -999, -999, -999, -999, -999, -999, -999,
19860817, 0600, , DB, 15.4N,  115.8E,   25, 1006, -999, -999, -999, -999, -999, -999, -999, -999, -999, -999, -999, -999,
19860817, 1200, , DB, 15.0N,  116.2E,   25, 1005, -999, -999, -999, -999, -999, -999, -999, -999, -999, -999, -999, -999,
19860817, 1800, , TD, 14.8N,  116.7E,   30, 1004, -999, -999, -999, -999, -999, -999, -999, -999, -999, -999, -999, -999,
19860818, 0000, , TS, 14.9N,  117.3E,   35, 1002, -999, -999, -999, -999, -999, -999, -999, -999, -999, -999, -999, -999,
19860818, 0600, , TS, 15.8N,  117.1E,   45,  996, -999, -999, -999, -999, -999, -999, -999, -999, -999, -999, -999, -999,
19860818, 1200, , TS, 16.1N,  116.6E,   50,  993, -999, -999, -999, -999, -999, -999, -999, -999, -999, -999, -999, -999,
19860818, 1800, , TS, 16.4N,  115.9E,   60,  987, -999, -999, -999, -999, -999, -999, -999, -999, -999, -999, -999, -999,
19860819, 0000, , HU, 17.1N,  115.4E,   70,  981, -999, -999, -999, -999, -999, -999, -999, -999, -999, -999, -999, -999,
19860819, 0600, , HU, 17.8N,  114.8E,   70,  980, -999, -999, -999, -999, -999, -999, -999, -999, -999, -999, -999, -999,
19860819, 1200, , HU, 18.4N,  114.2E,   75,  978, -999, -999, -999, -999, -999, -999, -999, -999, -999, -999, -999, -999,
19860819, 1800, , HU, 19.0N,  113.5E,   75,  979, -999, -999, -999, -999, -999, -999, -999, -999, -999, -999, -999, -999,
19860820, 0000, , HU, 19.7N,  113.3E,   70,  980, -999, -999, -999, -999, -999, -999, -999, -999, -999, -999, -999, -999,
19860820, 0600, , HU, 20.4N,  113.6E,   70,  981, -999, -999, -999, -999, -999, -999, -999, -999, -999, -999, -999, -999,
19860820, 1200, , HU, 21.1N,  114.3E,   75,  976, -999, -999, -999, -999, -999, -999, -999, -999, -999, -999, -999, -999,
19860820, 1800, , HU, 21.8N,  115.1E,   90,  960, -999, -999, -999, -999, -999, -999, -999, -999, -999, -999, -999, -999,
19860821, 0000, , HU, 22.3N,  116.3E,  100,  950, -999, -999, -999, -999, -999, -999, -999, -999, -999, -999, -999, -999,
19860821, 0600, , HU, 22.8N,  117.3E,  110,  942, -999, -999, -999, -999, -999, -999, -999, -999, -999, -999, -999, -999,
19860821, 1200, , HU, 23.2N,  118.4E,  105,  944, -999, -999, -999, -999, -999, -999, -999, -999, -999, -999, -999, -999,
19860821, 1800, , HU, 23.7N,  119.3E,  110,  942, -999, -999, -999, -999, -999, -999, -999, -999, -999, -999, -999, -999,
19860822, 0000, , HU, 24.1N,  120.4E,   85,  965, -999, -999, -999, -999, -999, -999, -999, -999, -999, -999, -999, -999,
19860822, 0600, , TS, 24.7N,  121.7E,   50,  985, -999, -999, -999, -999, -999, -999, -999, -999, -999, -999, -999, -999,
19860822, 1200, , TS, 25.0N,  123.0E,   50,  986, -999, -999, -999, -999, -999, -999, -999, -999, -999, -999, -999, -999,
19860822, 1800, , TS, 24.9N,  124.1E,   45,  990, -999, -999, -999, -999, -999, -999, -999, -999, -999, -999, -999, -999,
19860823, 0000, , TS, 24.4N,  124.7E,   45,  991, -999, -999, -999, -999, -999, -999, -999, -999, -999, -999, -999, -999,
19860823, 0600, , TS, 24.6N,  125.2E,   50,  988, -999, -999, -999, -999, -999, -999, -999, -999, -999, -999, -999, -999,
19860823, 1200, , TS, 24.2N,  124.6E,   60,  982, -999, -999, -999, -999, -999, -999, -999, -999, -999, -999, -999, -999,
19860823, 1800, , TS, 23.7N,  123.9E,   55,  985, -999, -999, -999, -999, -999, -999, -999, -999, -999, -999, -999, -999,
19860824, 0000, , TS, 23.2N,  123.5E,   50,  987, -999, -999, -999, -999, -999, -999, -999, -999, -999, -999, -999, -999,
19860824, 0600, , TS, 22.6N,  122.5E,   45,  990, -999, -999, -999, -999, -999, -999, -999, -999, -999, -999, -999, -999,
19860824, 1200, , TS, 21.7N,  121.4E,   45,  991, -999, -999, -999, -999, -999, -999, -999, -999, -999, -999, -999, -999,
19860824, 1800, , TS, 21.4N,  119.9E,   40,  995, -999, -999, -999, -999, -999, -999, -999, -999, -999, -999, -999, -999,
19860825, 0000, , TS, 21.0N,  118.7E,   35,  999, -999, -999, -999, -999, -999, -999, -999, -999, -999, -999, -999, -999,
19860825, 0600, , TD, 20.8N,  117.6E,   30, 1002, -999, -999, -999, -999, -999, -999, -999, -999, -999, -999, -999, -999,
19860825, 1200, , TD, 20.4N,  116.5E,   30, 1003, -999, -999, -999, -999, -999, -999, -999, -999, -999, -999, -999, -999,
19860825, 1800, , TD, 20.1N,  115.6E,   30, 1004, -999, -999, -999, -999, -999, -999, -999, -999, -999, -999, -999, -999,
19860826, 0000, , TD, 19.7N,  114.8E,   25, 1005, -999, -999, -999, -999, -999, -999, -999, -999, -999, -999, -999, -999,
19860826, 0600, , TD, 18.9N,  114.3E,   25, 1006, -999, -999, -999, -999, -999, -999, -999, -999, -999, -999, -999, -999,
19860826, 1200, , TD, 18.3N,  114.6E,   25, 1005, -999, -999, -999, -999, -999, -999, -999, -999, -999, -999, -999, -999,
19860826, 1800, , TD, 18.0N,  115.2E,   25, 1004, -999, -999, -999, -999, -999, -999, -999, -999, -999, -999, -999, -999,
19860827, 0000, , TD, 18.0N,  116.0E,   30, 1003, -999, -999, -999, -999, -999, -999, -999, -999, -999, -999, -999, -999,
19860827, 0600, , TD, 18.1N,  117.0E,   30, 1002, -999, -999, -999, -999, -999, -999, -999, -999, -999, -999, -999, -999,
19860827, 1200, , TD, 18.2N,  118.1E,   30, 1003, -999, -999, -999, -999, -999, -999, -999, -999, -999, -999, -999, -999,
19860827, 1800, , TD, 18.9N,  119.3E,   30, 1002, -999, -999, -999, -999, -999, -999, -999, -999, -999, -999, -999, -999,
19860828, 0000, , TD, 19.7N,  120.2E,   30, 1001, -999, -999, -999, -999, -999, -999, -999, -999, -999, -999, -999, -999,
19860828, 0600, , TS, 20.1N,  120.6E,   35, 1000, -999, -999, -999, -999, -999, -999, -999, -999, -999, -999, -999, -999,
19860828, 1200, , TS, 20.3N,  120.9E,   40,  996, -999, -999, -999, -999, -999, -999, -999, -999, -999, -999, -999, -999,
19860828, 1800, , TS, 20.5N,  121.0E,   45,  992, -999, -999, -999, -999, -999, -999, -999, -999, -999, -999, -999, -999,
19860829, 0000, , TS, 20.6N,  121.1E,   45,  993, -999, -999, -999, -999, -999, -999, -999, -999, -999, -999, -999, -999,
19860829, 0600, , TS, 20.7N,  121.2E,   45,  992, -999, -999, -999, -999, -999, -999, -999, -999, -999, -999, -999, -999,
19860829, 1200, , TS, 20.8N,  121.3E,   50,  990, -999, -999, -999, -999, -999, -999, -999, -999, -999, -999, -999, -999,
19860829, 1800, , TS, 21.1N,  121.4E,   55,  987, -999, -999, -999, -999, -999, -999, -999, -999, -999, -999, -999, -999,
19860830, 0000, , TS, 21.5N,  121.8E,   60,  984, -999, -999, -999, -999, -999, -999, -999, -999, -999, -999, -999, -999,
19860830, 0600, , TS, 21.7N,  122.1E,   65,  980, -999, -999, -999, -999, -999, -999, -999, -999, -999, -999, -999, -999,
19860830, 1200, , HU, 21.9N,  122.4E,   70,  976, -999, -999, -999, -999, -999, -999, -999, -999, -999, -999, -999, -999,
19860830, 1800, , HU, 21.9N,  122.6E,   95,  960, -999, -999, -999, -999, -999, -999, -999, -999, -999, -999, -999, -999,
19860831, 0000, , HU, 21.9N,  122.8E,  100,  955, -999, -999, -999, -999, -999, -999, -999, -999, -999, -999, -999, -999,
19860831, 0600, , HU, 21.8N,  123.1E,   95,  958, -999, -999, -999, -999, -999, -999, -999, -999, -999, -999, -999, -999,
19860831, 1200, , HU, 21.6N,  123.2E,   85,  965, -999, -999, -999, -999, -999, -999, -999, -999, -999, -999, -999, -999,
19860831, 1800, , HU, 21.4N,  123.2E,   75,  970, -999, -999, -999, -999, -999, -999, -999, -999, -999, -999, -999, -999,
19860901, 0000, , HU, 21.1N,  123.1E,   70,  974, -999, -999, -999, -999, -999, -999, -999, -999, -999, -999, -999, -999,
19860901, 0600, , HU, 20.8N,  122.7E,   75,  971, -999, -999, -999, -999, -999, -999, -999, -999, -999, -999, -999, -999,
19860901, 1200, , HU, 20.3N,  122.5E,   85,  964, -999, -999, -999, -999, -999, -999, -999, -999, -999, -999, -999, -999,
19860901, 1800, , HU, 19.9N,  122.2E,   90,  961, -999, -999, -999, -999, -999, -999, -999, -999, -999, -999, -999, -999,
19860902, 0000, , HU, 19.5N,  121.9E,   95,  957, -999, -999, -999, -999, -999, -999, -999, -999, -999, -999, -999, -999,
19860902, 0600, , HU, 19.2N,  121.7E,   90,  960, -999, -999, -999, -999, -999, -999, -999, -999, -999, -999, -999, -999,
19860902, 1200, , HU, 19.1N,  121.3E,   85,  964, -999, -999, -999, -999, -999, -999, -999, -999, -999, -999, -999, -999,
19860902, 1800, , HU, 19.3N,  120.7E,   75,  971, -999, -999, -999, -999, -999, -999, -999, -999, -999, -999, -999, -999,
19860903, 0000, , HU, 19.0N,  120.0E,   75,  972, -999, -999, -999, -999, -999, -999, -999, -999, -999, -999, -999, -999,
19860903, 0600, , HU, 18.5N,  119.3E,   70,  974, -999, -999, -999, -999, -999, -999, -999, -999, -999, -999, -999, -999,
19860903, 1200, , HU, 18.4N,  118.5E,   75,  973, -999, -999, -999, -999, -999, -999, -999, -999, -999, -999, -999, -999,
19860903, 1800, , HU, 18.4N,  117.7E,   85,  965, -999, -999, -999, -999, -999, -999, -999, -999, -999, -999, -999, -999,
19860904, 0000, , HU, 18.9N,  116.8E,   95,  954, -999, -999, -999, -999, -999, -999, -999, -999, -999, -999, -999, -999,
19860904, 0600, , HU, 19.4N,  115.4E,   95,  955, -999, -999, -999, -999, -999, -999, -999, -999, -999, -999, -999, -999,
19860904, 1200, , HU, 19.6N,  113.7E,   90,  959, -999, -999, -999, -999, -999, -999, -999, -999, -999, -999, -999, -999,
19860904, 1800, , HU, 19.6N,  112.4E,   85,  962, -999, -999, -999, -999, -999, -999, -999, -999, -999, -999, -999, -999,
19860905, 0000, , HU, 19.9N,  111.2E,   85,  963, -999, -999, -999, -999, -999, -999, -999, -999, -999, -999, -999, -999,
19860905, 0600, , HU, 20.3N,  109.8E,   80,  966, -999, -999, -999, -999, -999, -999, -999, -999, -999, -999, -999, -999,
19860905, 1200, , HU, 20.6N,  108.4E,   75,  970, -999, -999, -999, -999, -999, -999, -999, -999, -999, -999, -999, -999,
19860905, 1800, , HU, 20.3N,  106.7E,   70,  974, -999, -999, -999, -999, -999, -999, -999, -999, -999, -999, -999, -999,
19860906, 0000, , TS, 19.8N,  104.9E,   50,  988, -999, -999, -999, -999, -999, -999, -999, -999, -999, -999, -999, -999,
19860906, 0600, , TD, 19.7N,  103.2E,   30,  999, -999, -999, -999, -999, -999, -999, -999, -999, -999, -999, -999, -999,
19860906, 1200, , DB, 19.7N,  101.4E,   25, 1002, -999, -999, -999, -999, -999, -999, -999, -999, -999, -999, -999, -999,