WP, 14, 2004080218,   , BEST,   0, 158N, 1658E,  30, 1003, DB,   0,    ,    0,    0,    0,    0, 1008,  120,  40,   0,   0, 
WP, 14, 2004080300,   , BEST,   0, 167N, 1661E,  35, 1000, TS,   0,    ,    0,    0,    0,    0, 1006,  120,  40,   0,   0, 
WP, 14, 2004080306,   , BEST,   0, 176N, 1664E,  40,  997, TS,   0,    ,    0,    0,    0,    0, 
WP, 14, 2004080312,   , BEST,   0, 185N, 1665E,  45,  994, TS,   0,    ,    0,    0,    0,    0, 
WP, 14, 2004080318,   , BEST,   0, 194N, 1662E,  45,  993, TS,   0,    ,    0,    0,    0,    0,    0,    0,   0,  40,   0, 
WP, 14, 2004080400,   , BEST,   0, 206N, 1660E,  50,  989, TS,   0,    ,    0,    0,    0,    0,    0,    0,   0,  45,   0, 
WP, 14, 2004080406,   , BEST,   0, 219N, 1658E,  55,  985, TS,   0,    ,    0,    0,    0,    0,    0,    0,   0,  45,   0, 
WP, 14, 2004080412,   , BEST,   0, 232N, 1655E,  60,  981, TS,   0,    ,    0,    0,    0,    0,    0,    0,   0,  45,   0, 
WP, 14, 2004080418,   , BEST,   0, 244N, 1655E,  60,  980, TS,   0,    ,    0,    0,    0,    0,    0,    0,   0,  45,   0, 
WP, 14, 2004080500,   , BEST,   0, 255N, 1658E,  70,  972, TY,  34, NEQ,   50,   50,   50,   50,    0,    0,   0,  55,   0, 
WP, 14, 2004080506,   , BEST,   0, 263N, 1663E,  85,  960, TY,  34, NEQ,   60,   50,   50,   60,    0,    0,   0,  70,   0, 
WP, 14, 2004080512,   , BEST,   0, 271N, 1668E, 100,  948, TY,  34, NEQ,   70,   55,   55,   70,    0,    0,   0,  80,   0, 
WP, 14, 2004080518,   , BEST,   0, 279N, 1675E, 115,  936, TY,  34, NEQ,   90,   80,   80,   90,    0,    0,   0, 110,   0, 
WP, 14, 2004080600,   , BEST,   0, 287N, 1681E, 105,  944, TY,  34, NEQ,  100,  100,   75,  100,    0,    0,   0, 110,   0, 
WP, 14, 2004080606,   , BEST,   0, 295N, 1688E,  95,  952, TY,  34, NEQ,  100,  100,   75,  100,    0,    0,   0, 110,   0, 
WP, 14, 2004080612,   , BEST,   0, 303N, 1695E,  80,  964, TY,  34, NEQ,  100,  100,   75,  100,    0,    0,   0, 100,   0, 
WP, 14, 2004080618,   , BEST,   0, 312N, 1702E,  70,  972, TY,  34, NEQ,  100,  100,   70,   70,    0,    0,   0,  65,   0, 
WP, 14, 2004080700,   , BEST,   0, 321N, 1710E,  65,  980, TY,  34, NEQ,  100,  100,   70,   70,    0,    0,   0,  75,   0, 
WP, 14, 2004080706,   , BEST,   0, 329N, 1717E,  65,  981, TY,  34, NEQ,   80,   80,   60,   60,    0,    0,   0,  70,   0, 
WP, 14, 2004080712,   , BEST,   0, 340N, 1720E,  60,  984, TS,  34, NEQ,  100,   80,   80,   80,    0,    0,   0,  70,   0, 
WP, 14, 2004080718,   , BEST,   0, 349N, 1714E,  55,  987, TS,  34, NEQ,  100,   80,   80,   80,    0,    0,   0,  55,   0, 
WP, 14, 2004080800,   , BEST,   0, 359N, 1716E,  50,  990, TS,  34, NEQ,  100,   80,   80,   80,    0,    0,   0,  50,   0, 
WP, 14, 2004080806,   , BEST,   0, 371N, 1717E,  45,  993, TS,  34, NEQ,   60,   80,   60,   60,    0,    0,   0,  50,   0, 
WP, 14, 2004080812,   , BEST,   0, 378N, 1721E,  40,  995, TS,  34, NEQ,   60,   80,   60,   60, 
WP, 14, 2004080818,   , BEST,   0, 384N, 1727E,  40,  996, EX,   0,    ,    0,    0,    0,    0, 
WP, 14, 2004080900,   , BEST,   0, 392N, 1726E,  35,  998, EX,   0,    ,    0,    0,    0,    0, 
WP, 14, 2004080906,   , BEST,   0, 400N, 1726E,  35,  999, EX,   0,    ,    0,    0,    0,    0, 