19860817, 1200, , DB, 21.3N,  137.0E,   30,  996, -999, -999, -999, -999, -999, -999, -999, -999, -999, -999, -999, -999,
19860817, 1800, , DB, 22.1N,  137.4E,   35,  992, -999, -999, -999, -999, -999, -999, -999, -999, -999, -999, -999, -999,
19860818, 0000, , DB, 22.5N,  137.6E,   40,  989, -999, -999, -999, -999, -999, -999, -999, -999, -999, -999, -999, -999,
19860818, 0600, , TS, 22.9N,  137.7E,   45,  986, -999, -999, -999, -999, -999, -999, -999, -999, -999, -999, -999, -999,
19860818, 1200, , TS, 23.5N,  137.9E,   50,  984, -999, -999, -999, -999, -999, -999, -999, -999, -999, -999, -999, -999,
19860818, 1800, , TS, 23.5N,  137.4E,   50,  983, -999, -999, -999, -999, -999, -999, -999, -999, -999, -999, -999, -999,
19860819, 0000, , TS, 22.7N,  137.9E,   50,  985, -999, -999, -999, -999, -999, -999, -999, -999, -999, -999, -999, -999,
19860819, 0600, , TS, 22.6N,  138.8E,   55,  981, -999, -999, -999, -999, -999, -999, -999, -999, -999, -999, -999, -999,
19860819, 1200, , HU, 22.7N,  140.1E,   65,  973, -999, -999, -999, -999, -999, -999, -999, -999, -999, -999, -999, -999,
19860819, 1800, , HU, 22.4N,  141.0E,   70,  970, -999, -999, -999, -999, -999, -999, -999, -999, -999, -999, -999, -999,
19860820, 0000, , HU, 21.4N,  141.5E,   75,  967, -999, -999, -999, -999, -999, -999, -999, -999, -999, -999, -999, -999,
19860820, 0600, , HU, 21.3N,  142.0E,   75,  966, -999, -999, -999, -999, -999, -999, -999, -999, -999, -999, -999, -999,
19860820, 1200, , HU, 21.3N,  142.5E,   80,  963, -999, -999, -999, -999, -999, -999, -999, -999, -999, -999, -999, -999,
19860820, 1800, , HU, 21.3N,  143.0E,   85,  959, -999, -999, -999, -999, -999, -999, -999, -999, -999, -999, -999, -999,
19860821, 0000, , HU, 21.4N,  143.4E,   90,  954, -999, -999, -999, -999, -999, -999, -999, -999, -999, -999, -999, -999,
19860821, 0600, , HU, 21.5N,  144.1E,   95,  949, -999, -999, -999, -999, -999, -999, -999, -999, -999, -999, -999, -999,
19860821, 1200, , HU, 21.6N,  144.7E,  100,  944, -999, -999, -999, -999, -999, -999, -999, -999, -999, -999, -999, -999,
19860821, 1800, , HU, 21.7N,  145.2E,  115,  928, -999, -999, -999, -999, -999, -999, -999, -999, -999, -999, -999, -999,
19860822, 0000, , HU, 21.9N,  145.6E,  120,  923, -999, -999, -999, -999, -999, -999, -999, -999, -999, -999, -999, -999,
19860822, 0600, , HU, 22.1N,  145.7E,  115,  927, -999, -999, -999, -999, -999, -999, -999, -999, -999, -999, -999, -999,
19860822, 1200, , HU, 22.2N,  145.4E,  110,  931, -999, -999, -999, -999, -999, -999, -999, -999, -999, -999, -999, -999,
19860822, 1800, , HU, 22.2N,  145.0E,  100,  942, -999, -999, -999, -999, -999, -999, -999, -999, -999, -999, -999, -999,
19860823, 0000, , HU, 22.2N,  144.4E,   95,  946, -999, -999, -999, -999, -999, -999, -999, -999, -999, -999, -999, -999,
19860823, 0600, , HU, 22.1N,  143.4E,   90,  950, -999, -999, -999, -999, -999, -999, -999, -999, -999, -999, -999, -999,
19860823, 1200, , HU, 22.2N,  142.4E,   90,  951, -999, -999, -999, -999, -999, -999, -999, -999, -999, -999, -999, -999,
19860823, 1800, , HU, 22.2N,  141.0E,   95,  947, -999, -999, -999, -999, -999, -999, -999, -999, -999, -999, -999, -999,
19860824, 0000, , HU, 22.3N,  140.0E,  100,  944, -999, -999, -999, -999, -999, -999, -999, -999, -999, -999, -999, -999,
19860824, 0600, , HU, 22.8N,  138.7E,  105,  940, -999, -999, -999, -999, -999, -999, -999, -999, -999, -999, -999, -999,
19860824, 1200, , HU, 23.0N,  137.2E,  105,  939, -999, -999, -999, -999, -999, -999, -999, -999, -999, -999, -999, -999,
19860824, 1800, , HU, 23.4N,  135.3E,   95,  946, -999, -999, -999, -999, -999, -999, -999, -999, -999, -999, -999, -999,
19860825, 0000, , HU, 23.9N,  133.6E,   90,  950, -999, -999, -999, -999, -999, -999, -999, -999, -999, -999, -999, -999,
19860825, 0600, , HU, 24.5N,  132.0E,   90,  949, -999, -999, -999, -999, -999, -999, -999, -999, -999, -999, -999, -999,
19860825, 1200, , HU, 25.0N,  130.3E,   95,  946, -999, -999, -999, -999, -999, -999, -999, -999, -999, -999, -999, -999,
19860825, 1800, , HU, 25.5N,  128.8E,   90,  950, -999, -999, -999, -999, -999, -999, -999, -999, -999, -999, -999, -999,
19860826, 0000, , HU, 26.1N,  127.5E,   90,  952, -999, -999, -999, -999, -999, -999, -999, -999, -999, -999, -999, -999,
19860826, 0600, , HU, 26.7N,  126.3E,   90,  951, -999, -999, -999, -999, -999, -999, -999, -999, -999, -999, -999, -999,
19860826, 1200, , HU, 27.3N,  125.5E,   90,  952, -999, -999, -999, -999, -999, -999, -999, -999, -999, -999, -999, -999,
19860826, 1800, , HU, 27.9N,  125.0E,   85,  956, -999, -999, -999, -999, -999, -999, -999, -999, -999, -999, -999, -999,
19860827, 0000, , HU, 28.8N,  124.6E,   80,  960, -999, -999, -999, -999, -999, -999, -999, -999, -999, -999, -999, -999,
19860827, 0600, , HU, 29.9N,  124.2E,   75,  964, -999, -999, -999, -999, -999, -999, -999, -999, -999, -999, -999, -999,
19860827, 1200, , HU, 31.1N,  124.3E,   75,  965, -999, -999, -999, -999, -999, -999, -999, -999, -999, -999, -999, -999,
19860827, 1800, , HU, 32.3N,  124.7E,   70,  968, -999, -999, -999, -999, -999, -999, -999, -999, -999, -999, -999, -999,
19860828, 0000, , HU, 33.7N,  125.3E,   65,  971, -999, -999, -999, -999, -999, -999, -999, -999, -999, -999, -999, -999,
19860828, 0600, , HU, 35.2N,  126.1E,   65,  972, -999, -999, -999, -999, -999, -999, -999, -999, -999, -999, -999, -999,
19860828, 1200, , EX, 36.7N,  127.1E,   55,  978, -999, -999, -999, -999, -999, -999, -999, -999, -999, -999, -999, -999,
19860828, 1800, , EX, 38.3N,  128.6E,   45,  985, -999, -999, -999, -999, -999, -999, -999, -999, -999, -999, -999, -999,
19860829, 0000, , EX, 39.9N,  130.4E,   40,  988, -999, -999, -999, -999, -999, -999, -999, -999, -999, -999, -999, -999,
19860829, 0600, , EX, 42.6N,  132.5E,   35,  992, -999, -999, -999, -999, -999, -999, -999, -999, -999, -999, -999, -999,