19860913, 0600, , DB, 12.0N,  146.2E,   30, 1002, -999, -999, -999, -999, -999, -999, -999, -999, -999, -999, -999, -999,
19860913, 1200, , DB, 12.6N,  144.8E,   30, 1001, -999, -999, -999, -999, -999, -999, -999, -999, -999, -999, -999, -999,
19860913, 1800, , TS, 13.4N,  142.5E,   35,  999, -999, -999, -999, -999, -999, -999, -999, -999, -999, -999, -999, -999,
19860914, 0000, , TS, 14.3N,  140.4E,   40,  996, -999, -999, -999, -999, -999, -999, -999, -999, -999, -999, -999, -999,
19860914, 0600, , TS, 15.1N,  138.2E,   40,  995, -999, -999, -999, -999, -999, -999, -999, -999, -999, -999, -999, -999,
19860914, 1200, , TS, 15.2N,  136.0E,   45,  992, -999, -999, -999, -999, -999, -999, -999, -999, -999, -999, -999, -999,
19860914, 1800, , TS, 15.8N,  135.0E,   50,  988, -999, -999, -999, -999, -999, -999, -999, -999, -999, -999, -999, -999,
19860915, 0000, , TS, 16.7N,  134.2E,   50,  987, -999, -999, -999, -999, -999, -999, -999, -999, -999, -999, -999, -999,
19860915, 0600, , TS, 17.7N,  133.4E,   55,  983, -999, -999, -999, -999, -999, -999, -999, -999, -999, -999, -999, -999,
19860915, 1200, , TS, 18.0N,  132.2E,   50,  986, -999, -999, -999, -999, -999, -999, -999, -999, -999, -999, -999, -999,
19860915, 1800, , TS, 18.3N,  131.2E,   55,  983, -999, -999, -999, -999, -999, -999, -999, -999, -999, -999, -999, -999,
19860916, 0000, , TS, 18.8N,  130.3E,   60,  979, -999, -999, -999, -999, -999, -999, -999, -999, -999, -999, -999, -999,
19860916, 0600, , HU, 19.3N,  129.5E,   65,  975, -999, -999, -999, -999, -999, -999, -999, -999, -999, -999, -999, -999,
19860916, 1200, , HU, 19.5N,  128.6E,   70,  971, -999, -999, -999, -999, -999, -999, -999, -999, -999, -999, -999, -999,
19860916, 1800, , HU, 19.6N,  127.8E,   75,  968, -999, -999, -999, -999, -999, -999, -999, -999, -999, -999, -999, -999,
19860917, 0000, , HU, 19.8N,  127.2E,   80,  963, -999, -999, -999, -999, -999, -999, -999, -999, -999, -999, -999, -999,
19860917, 0600, , HU, 20.3N,  126.6E,   90,  956, -999, -999, -999, -999, -999, -999, -999, -999, -999, -999, -999, -999,
19860917, 1200, , HU, 20.8N,  125.8E,   95,  952, -999, -999, -999, -999, -999, -999, -999, -999, -999, -999, -999, -999,
19860917, 1800, , HU, 21.0N,  125.1E,  100,  947, -999, -999, -999, -999, -999, -999, -999, -999, -999, -999, -999, -999,
19860918, 0000, , HU, 21.3N,  124.3E,  105,  943, -999, -999, -999, -999, -999, -999, -999, -999, -999, -999, -999, -999,
19860918, 0600, , HU, 21.9N,  123.6E,  110,  939, -999, -999, -999, -999, -999, -999, -999, -999, -999, -999, -999, -999,
19860918, 1200, , HU, 22.3N,  122.9E,  115,  935, -999, -999, -999, -999, -999, -999, -999, -999, -999, -999, -999, -999,
19860918, 1800, , HU, 22.6N,  122.1E,  110,  940, -999, -999, -999, -999, -999, -999, -999, -999, -999, -999, -999, -999,
19860919, 0000, , HU, 23.2N,  121.5E,  105,  945, -999, -999, -999, -999, -999, -999, -999, -999, -999, -999, -999, -999,
19860919, 0600, , HU, 23.9N,  121.2E,   70,  965, -999, -999, -999, -999, -999, -999, -999, -999, -999, -999, -999, -999,
19860919, 1200, , TS, 24.6N,  121.3E,   45,  980, -999, -999, -999, -999, -999, -999, -999, -999, -999, -999, -999, -999,
19860919, 1800, , TS, 25.4N,  121.4E,   35,  985, -999, -999, -999, -999, -999, -999, -999, -999, -999, -999, -999, -999,
19860920, 0000, , DB, 26.4N,  121.8E,   30,  990, -999, -999, -999, -999, -999, -999, -999, -999, -999, -999, -999, -999,
19860920, 0600, , DB, 27.6N,  122.5E,   25,  992, -999, -999, -999, -999, -999, -999, -999, -999, -999, -999, -999, -999,
19860920, 1200, , DB, 29.2N,  123.7E,   20,  995, -999, -999, -999, -999, -999, -999, -999, -999, -999, -999, -999, -999,