19860917, 1200, , DB,  9.2N,  164.1E,   25, 1010, -999, -999, -999, -999, -999, -999, -999, -999, -999, -999, -999, -999,
19860917, 1800, , TD,  9.3N,  162.9E,   30, 1009, -999, -999, -999, -999, -999, -999, -999, -999, -999, -999, -999, -999,
19860918, 0000, , TD,  9.5N,  162.0E,   30, 1008, -999, -999, -999, -999, -999, -999, -999, -999, -999, -999, -999, -999,
19860918, 0600, , TD,  9.9N,  161.5E,   30, 1007, -999, -999, -999, -999, -999, -999, -999, -999, -999, -999, -999, -999,
19860918, 1200, , TS, 10.2N,  161.1E,   40, 1003, -999, -999, -999, -999, -999, -999, -999, -999, -999, -999, -999, -999,
19860918, 1800, , TS, 10.4N,  160.7E,   50,  996, -999, -999, -999, -999, -999, -999, -999, -999, -999, -999, -999, -999,
19860919, 0000, , TS, 10.5N,  160.4E,   45,  999, -999, -999, -999, -999, -999, -999, -999, -999, -999, -999, -999, -999,
19860919, 0600, , TS, 11.0N,  159.8E,   40, 1002, -999, -999, -999, -999, -999, -999, -999, -999, -999, -999, -999, -999,
19860919, 1200, , TS, 11.8N,  159.4E,   40, 1003, -999, -999, -999, -999, -999, -999, -999, -999, -999, -999, -999, -999,
19860919, 1800, , TS, 12.8N,  159.1E,   40, 1002, -999, -999, -999, -999, -999, -999, -999, -999, -999, -999, -999, -999,
19860920, 0000, , TS, 13.8N,  158.7E,   45,  999, -999, -999, -999, -999, -999, -999, -999, -999, -999, -999, -999, -999,
19860920, 0600, , TS, 15.1N,  157.9E,   50,  996, -999, -999, -999, -999, -999, -999, -999, -999, -999, -999, -999, -999,
19860920, 1200, , TS, 15.8N,  156.6E,   55,  993, -999, -999, -999, -999, -999, -999, -999, -999, -999, -999, -999, -999,
19860920, 1800, , TS, 16.1N,  155.3E,   60,  989, -999, -999, -999, -999, -999, -999, -999, -999, -999, -999, -999, -999,
19860921, 0000, , HU, 16.3N,  154.1E,   65,  986, -999, -999, -999, -999, -999, -999, -999, -999, -999, -999, -999, -999,
19860921, 0600, , HU, 16.4N,  153.2E,   65,  985, -999, -999, -999, -999, -999, -999, -999, -999, -999, -999, -999, -999,
19860921, 1200, , HU, 16.5N,  152.7E,   65,  986, -999, -999, -999, -999, -999, -999, -999, -999, -999, -999, -999, -999,
19860921, 1800, , TS, 16.6N,  152.2E,   60,  989, -999, -999, -999, -999, -999, -999, -999, -999, -999, -999, -999, -999,
19860922, 0000, , TS, 16.7N,  151.7E,   60,  990, -999, -999, -999, -999, -999, -999, -999, -999, -999, -999, -999, -999,
19860922, 0600, , TS, 16.7N,  151.3E,   55,  993, -999, -999, -999, -999, -999, -999, -999, -999, -999, -999, -999, -999,
19860922, 1200, , TS, 16.8N,  150.7E,   55,  992, -999, -999, -999, -999, -999, -999, -999, -999, -999, -999, -999, -999,
19860922, 1800, , TS, 16.9N,  149.9E,   60,  989, -999, -999, -999, -999, -999, -999, -999, -999, -999, -999, -999, -999,
19860923, 0000, , HU, 17.2N,  148.7E,   65,  985, -999, -999, -999, -999, -999, -999, -999, -999, -999, -999, -999, -999,
19860923, 0600, , HU, 17.5N,  147.3E,   75,  978, -999, -999, -999, -999, -999, -999, -999, -999, -999, -999, -999, -999,
19860923, 1200, , HU, 17.8N,  146.0E,   85,  968, -999, -999, -999, -999, -999, -999, -999, -999, -999, -999, -999, -999,
19860923, 1800, , HU, 18.0N,  144.8E,   95,  959, -999, -999, -999, -999, -999, -999, -999, -999, -999, -999, -999, -999,
19860924, 0000, , HU, 18.4N,  143.7E,  105,  948, -999, -999, -999, -999, -999, -999, -999, -999, -999, -999, -999, -999,
19860924, 0600, , HU, 18.7N,  142.7E,  120,  936, -999, -999, -999, -999, -999, -999, -999, -999, -999, -999, -999, -999,
19860924, 1200, , HU, 19.2N,  141.7E,  130,  924, -999, -999, -999, -999, -999, -999, -999, -999, -999, -999, -999, -999,
19860924, 1800, , HU, 19.4N,  140.8E,  140,  915, -999, -999, -999, -999, -999, -999, -999, -999, -999, -999, -999, -999,
19860925, 0000, , HU, 19.7N,  140.0E,  135,  918, -999, -999, -999, -999, -999, -999, -999, -999, -999, -999, -999, -999,
19860925, 0600, , HU, 20.0N,  139.4E,  125,  928, -999, -999, -999, -999, -999, -999, -999, -999, -999, -999, -999, -999,
19860925, 1200, , HU, 20.5N,  139.1E,  115,  932, -999, -999, -999, -999, -999, -999, -999, -999, -999, -999, -999, -999,
19860925, 1800, , HU, 20.8N,  138.8E,  115,  933, -999, -999, -999, -999, -999, -999, -999, -999, -999, -999, -999, -999,
19860926, 0000, , HU, 21.2N,  138.7E,  110,  937, -999, -999, -999, -999, -999, -999, -999, -999, -999, -999, -999, -999,
19860926, 0600, , HU, 21.4N,  138.7E,  105,  942, -999, -999, -999, -999, -999, -999, -999, -999, -999, -999, -999, -999,
19860926, 1200, , HU, 21.6N,  138.7E,  100,  946, -999, -999, -999, -999, -999, -999, -999, -999, -999, -999, -999, -999,
19860926, 1800, , HU, 21.9N,  138.9E,   95,  948, -999, -999, -999, -999, -999, -999, -999, -999, -999, -999, -999, -999,
19860927, 0000, , HU, 22.2N,  139.2E,   90,  951, -999, -999, -999, -999, -999, -999, -999, -999, -999, -999, -999, -999,
19860927, 0600, , HU, 22.6N,  139.4E,   90,  952, -999, -999, -999, -999, -999, -999, -999, -999, -999, -999, -999, -999,
19860927, 1200, , HU, 23.2N,  139.8E,   90,  953, -999, -999, -999, -999, -999, -999, -999, -999, -999, -999, -999, -999,
19860927, 1800, , HU, 23.9N,  140.2E,   85,  954, -999, -999, -999, -999, -999, -999, -999, -999, -999, -999, -999, -999,
19860928, 0000, , HU, 24.8N,  140.7E,   85,  953, -999, -999, -999, -999, -999, -999, -999, -999, -999, -999, -999, -999,
19860928, 0600, , HU, 26.1N,  141.4E,   85,  952, -999, -999, -999, -999, -999, -999, -999, -999, -999, -999, -999, -999,
19860928, 1200, , HU, 27.4N,  142.1E,   85,  953, -999, -999, -999, -999, -999, -999, -999, -999, -999, -999, -999, -999,
19860928, 1800, , HU, 29.0N,  142.7E,   80,  957, -999, -999, -999, -999, -999, -999, -999, -999, -999, -999, -999, -999,
19860929, 0000, , HU, 30.8N,  143.5E,   80,  958, -999, -999, -999, -999, -999, -999, -999, -999, -999, -999, -999, -999,
19860929, 0600, , HU, 32.7N,  144.8E,   75,  961, -999, -999, -999, -999, -999, -999, -999, -999, -999, -999, -999, -999,
19860929, 1200, , HU, 34.5N,  146.6E,   75,  962, -999, -999, -999, -999, -999, -999, -999, -999, -999, -999, -999, -999,
19860929, 1800, , HU, 36.0N,  148.7E,   70,  965, -999, -999, -999, -999, -999, -999, -999, -999, -999, -999, -999, -999,
19860930, 0000, , TS, 37.4N,  151.1E,   60,  970, -999, -999, -999, -999, -999, -999, -999, -999, -999, -999, -999, -999,
19860930, 0600, , EX, 38.9N,  154.1E,   55,  974, -999, -999, -999, -999, -999, -999, -999, -999, -999, -999, -999, -999,