19861001, 0000, , DB, 10.6N,  157.6E,   30, 1007, -999, -999, -999, -999, -999, -999, -999, -999, -999, -999, -999, -999,
19861001, 0600, , DB, 10.8N,  156.6E,   30, 1006, -999, -999, -999, -999, -999, -999, -999, -999, -999, -999, -999, -999,
19861001, 1200, , DB, 10.5N,  155.4E,   30, 1005, -999, -999, -999, -999, -999, -999, -999, -999, -999, -999, -999, -999,
19861001, 1800, , DB, 10.6N,  154.0E,   35, 1003, -999, -999, -999, -999, -999, -999, -999, -999, -999, -999, -999, -999,
19861002, 0000, , TS, 10.9N,  152.9E,   40, 1002, -999, -999, -999, -999, -999, -999, -999, -999, -999, -999, -999, -999,
19861002, 0600, , TS, 11.4N,  151.3E,   40, 1001, -999, -999, -999, -999, -999, -999, -999, -999, -999, -999, -999, -999,
19861002, 1200, , TS, 12.0N,  150.7E,   45,  999, -999, -999, -999, -999, -999, -999, -999, -999, -999, -999, -999, -999,
19861002, 1800, , TS, 12.7N,  149.5E,   50,  995, -999, -999, -999, -999, -999, -999, -999, -999, -999, -999, -999, -999,
19861003, 0000, , TS, 13.3N,  148.2E,   45,  998, -999, -999, -999, -999, -999, -999, -999, -999, -999, -999, -999, -999,
19861003, 0600, , TS, 13.8N,  146.8E,   50,  995, -999, -999, -999, -999, -999, -999, -999, -999, -999, -999, -999, -999,
19861003, 1200, , TS, 14.3N,  145.5E,   55,  991, -999, -999, -999, -999, -999, -999, -999, -999, -999, -999, -999, -999,
19861003, 1800, , TS, 14.8N,  144.2E,   55,  992, -999, -999, -999, -999, -999, -999, -999, -999, -999, -999, -999, -999,
19861004, 0000, , TS, 15.5N,  143.2E,   60,  989, -999, -999, -999, -999, -999, -999, -999, -999, -999, -999, -999, -999,
19861004, 0600, , HU, 16.1N,  142.3E,   65,  986, -999, -999, -999, -999, -999, -999, -999, -999, -999, -999, -999, -999,
19861004, 1200, , HU, 16.7N,  141.7E,   65,  985, -999, -999, -999, -999, -999, -999, -999, -999, -999, -999, -999, -999,
19861004, 1800, , HU, 17.3N,  140.9E,   75,  969, -999, -999, -999, -999, -999, -999, -999, -999, -999, -999, -999, -999,
19861005, 0000, , HU, 17.9N,  140.2E,   80,  966, -999, -999, -999, -999, -999, -999, -999, -999, -999, -999, -999, -999,
19861005, 0600, , HU, 18.6N,  139.5E,  100,  954, -999, -999, -999, -999, -999, -999, -999, -999, -999, -999, -999, -999,
19861005, 1200, , HU, 19.2N,  138.8E,  115,  944, -999, -999, -999, -999, -999, -999, -999, -999, -999, -999, -999, -999,
19861005, 1800, , HU, 19.7N,  138.3E,  120,  939, -999, -999, -999, -999, -999, -999, -999, -999, -999, -999, -999, -999,
19861006, 0000, , HU, 20.4N,  138.0E,  105,  948, -999, -999, -999, -999, -999, -999, -999, -999, -999, -999, -999, -999,
19861006, 0600, , HU, 21.3N,  137.8E,   95,  956, -999, -999, -999, -999, -999, -999, -999, -999, -999, -999, -999, -999,
19861006, 1200, , HU, 22.4N,  137.8E,   90,  959, -999, -999, -999, -999, -999, -999, -999, -999, -999, -999, -999, -999,
19861006, 1800, , HU, 23.5N,  138.0E,   85,  962, -999, -999, -999, -999, -999, -999, -999, -999, -999, -999, -999, -999,
19861007, 0000, , HU, 24.5N,  138.5E,   85,  963, -999, -999, -999, -999, -999, -999, -999, -999, -999, -999, -999, -999,
19861007, 0600, , HU, 26.5N,  139.5E,   90,  960, -999, -999, -999, -999, -999, -999, -999, -999, -999, -999, -999, -999,
19861007, 1200, , HU, 28.7N,  140.8E,   90,  959, -999, -999, -999, -999, -999, -999, -999, -999, -999, -999, -999, -999,
19861007, 1800, , HU, 31.0N,  142.0E,   85,  957, -999, -999, -999, -999, -999, -999, -999, -999, -999, -999, -999, -999,
19861008, 0000, , HU, 33.3N,  143.2E,   85,  956, -999, -999, -999, -999, -999, -999, -999, -999, -999, -999, -999, -999,
19861008, 0600, , EX, 35.4N,  144.8E,   75,  960, -999, -999, -999, -999, -999, -999, -999, -999, -999, -999, -999, -999,
19861008, 1200, , EX, 37.4N,  146.8E,   70,  965, -999, -999, -999, -999, -999, -999, -999, -999, -999, -999, -999, -999,