WP, 17, 2004080912,   , BEST,   0, 230N, 1523E,  30,  999, DB,   0,    ,    0,    0,    0,    0, 
WP, 17, 2004080918,   , BEST,   0, 230N, 1531E,  35,  996, TS,   0,    ,    0,    0,    0,    0, 
WP, 17, 2004081000,   , BEST,   0, 233N, 1538E,  40,  993, TS,   0,    ,    0,    0,    0,    0, 
WP, 17, 2004081006,   , BEST,   0, 235N, 1543E,  40,  992, TS,   0,    ,    0,    0,    0,    0, 
WP, 17, 2004081012,   , BEST,   0, 244N, 1556E,  45,  989, TS,   0,    ,    0,    0,    0,    0, 
WP, 17, 2004081018,   , BEST,   0, 255N, 1568E,  55,  983, TS,   0,    ,    0,    0,    0,    0,    0,    0,   0,  35,   0, 
WP, 17, 2004081100,   , BEST,   0, 268N, 1581E,  50,  986, TS,   0,    ,    0,    0,    0,    0,    0,    0,   0,  45,   0, 
WP, 17, 2004081106,   , BEST,   0, 280N, 1596E,  45,  989, TS,   0,    ,    0,    0,    0,    0,    0,    0,   0,  45,   0, 
WP, 17, 2004081112,   , BEST,   0, 293N, 1610E,  45,  990, TS,   0,    ,    0,    0,    0,    0,    0,    0,   0,  45,   0, 
WP, 17, 2004081118,   , BEST,   0, 306N, 1623E,  40,  993, TS,   0,    ,    0,    0,    0,    0,    0,    0,   0,  45,   0, 
WP, 17, 2004081200,   , BEST,   0, 317N, 1633E,  35,  995, TS,   0,    ,    0,    0,    0,    0,    0,    0,   0,  45,   0, 
WP, 17, 2004081206,   , BEST,   0, 324N, 1647E,  35,  996, TS,   0,    ,    0,    0,    0,    0,    0,    0,   0,  45,   0, 
WP, 17, 2004081212,   , BEST,   0, 330N, 1664E,  35,  995, TS,   0,    ,    0,    0,    0,    0, 
WP, 17, 2004081218,   , BEST,   0, 331N, 1685E,  40,  994, TS,   0,    ,    0,    0,    0,    0, 
WP, 17, 2004081300,   , BEST,   0, 335N, 1709E,  40,  993, TS,   0,    ,    0,    0,    0,    0, 
WP, 17, 2004081306,   , BEST,   0, 348N, 1731E,  40,  992, TS,   0,    ,    0,    0,    0,    0, 
WP, 17, 2004081312,   , BEST,   0, 355N, 1759E,  40,  991, EX,   0,    ,    0,    0,    0,    0, 