19861008, 0000, , DB, 14.6N,  117.7E,   25, 1010, -999, -999, -999, -999, -999, -999, -999, -999, -999, -999, -999, -999,
19861008, 0600, , DB, 14.5N,  117.1E,   25, 1009, -999, -999, -999, -999, -999, -999, -999, -999, -999, -999, -999, -999,
19861008, 1200, , TD, 14.8N,  116.5E,   30, 1007, -999, -999, -999, -999, -999, -999, -999, -999, -999, -999, -999, -999,
19861008, 1800, , TS, 15.1N,  115.8E,   35, 1005, -999, -999, -999, -999, -999, -999, -999, -999, -999, -999, -999, -999,
19861009, 0000, , TS, 15.4N,  114.9E,   40, 1002, -999, -999, -999, -999, -999, -999, -999, -999, -999, -999, -999, -999,
19861009, 0600, , TS, 16.0N,  114.0E,   45, 1000, -999, -999, -999, -999, -999, -999, -999, -999, -999, -999, -999, -999,
19861009, 1200, , TS, 16.3N,  113.3E,   45, 1001, -999, -999, -999, -999, -999, -999, -999, -999, -999, -999, -999, -999,
19861009, 1800, , TS, 16.6N,  112.6E,   40, 1002, -999, -999, -999, -999, -999, -999, -999, -999, -999, -999, -999, -999,
19861010, 0000, , TS, 16.8N,  111.7E,   40, 1003, -999, -999, -999, -999, -999, -999, -999, -999, -999, -999, -999, -999,
19861010, 0600, , TS, 17.0N,  110.9E,   40, 1002, -999, -999, -999, -999, -999, -999, -999, -999, -999, -999, -999, -999,
19861010, 1200, , TS, 17.1N,  110.1E,   40, 1003, -999, -999, -999, -999, -999, -999, -999, -999, -999, -999, -999, -999,
19861010, 1800, , TS, 17.2N,  109.3E,   40, 1002, -999, -999, -999, -999, -999, -999, -999, -999, -999, -999, -999, -999,
19861011, 0000, , TS, 17.3N,  108.5E,   40, 1002, -999, -999, -999, -999, -999, -999, -999, -999, -999, -999, -999, -999,
19861011, 0600, , TS, 17.3N,  107.7E,   35, 1006, -999, -999, -999, -999, -999, -999, -999, -999, -999, -999, -999, -999,
19861011, 1200, , TS, 17.4N,  106.9E,   35, 1007, -999, -999, -999, -999, -999, -999, -999, -999, -999, -999, -999, -999,
19861011, 1800, , TD, 17.8N,  105.8E,   30, 1008, -999, -999, -999, -999, -999, -999, -999, -999, -999, -999, -999, -999,
19861012, 0000, , DB, 18.8N,  105.1E,   25, 1009, -999, -999, -999, -999, -999, -999, -999, -999, -999, -999, -999, -999,