WPXX1984,             BREAKER,     XX,
19840607, 1800, , DB, 11.9N,  114.8E,   20, 1007, -999, -999, -999, -999, -999, -999, -999, -999, -999, -999, -999, -999,
19840608, 0000, , DB, 12.1N,  114.2E,   25, 1006, -999, -999, -999, -999, -999, -999, -999, -999, -999, -999, -999, -999,
19840608, 0600, , DB, 12.3N,  113.7E,   25, 1005, -999, -999, -999, -999, -999, -999, -999, -999, -999, -999, -999, -999,
19840608, 1200, , TD, 12.6N,  113.3E,   30, 1003, -999, -999, -999, -999, -999, -999, -999, -999, -999, -999, -999, -999,
19840608, 1800, , TS, 13.0N,  113.0E,   35,  999, -999, -999, -999, -999, -999, -999, -999, -999, -999, -999, -999, -999,
19840609, 0000, , TS, 13.4N,  112.7E,   40,  998, -999, -999, -999, -999, -999, -999, -999, -999, -999, -999, -999, -999,
19840609, 0600, , TS, 14.2N,  112.2E,   40,  997, -999, -999, -999, -999, -999, -999, -999, -999, -999, -999, -999, -999,
19840609, 1200, , TS, 14.9N,  111.9E,   40,  997, -999, -999, -999, -999, -999, -999, -999, -999, -999, -999, -999, -999,
19840609, 1800, , TS, 15.5N,  111.1E,   40,  998, -999, -999, -999, -999, -999, -999, -999, -999, -999, -999, -999, -999,
19840610, 0000, , TS, 15.9N,  109.9E,   35,  999, -999, -999, -999, -999, -999, -999, -999, -999, -999, -999, -999, -999,
19840610, 0600, , TD, 16.1N,  108.8E,   30, 1000, -999, -999, -999, -999, -999, -999, -999, -999, -999, -999, -999, -999,
19840610, 1200, , TD, 16.2N,  108.2E,   30, 1001, -999, -999, -999, -999, -999, -999, -999, -999, -999, -999, -999, -999,
19840610, 1800, , TD, 16.3N,  107.6E,   30, 1002, -999, -999, -999, -999, -999, -999, -999, -999, -999, -999, -999, -999,
19840611, 0000, , DB, 16.4N,  107.1E,   25, 1004, -999, -999, -999, -999, -999, -999, -999, -999, -999, -999, -999, -999,
WPXX1984,             BREAKER,     XX,
19840617, 1200, , DB, 20.4N,  136.8E,   25, 1005, -999, -999, -999, -999, -999, -999, -999, -999, -999, -999, -999, -999,
19840617, 1800, , DB, 20.4N,  136.4E,   30, 1004, -999, -999, -999, -999, -999, -999, -999, -999, -999, -999, -999, -999,
19840618, 0000, , TD, 20.5N,  135.8E,   30, 1003, -999, -999, -999, -999, -999, -999, -999, -999, -999, -999, -999, -999,
19840618, 0600, , TD, 20.5N,  135.1E,   30, 1002, -999, -999, -999, -999, -999, -999, -999, -999, -999, -999, -999, -999,
19840618, 1200, , TS, 20.6N,  134.6E,   35,  999, -999, -999, -999, -999, -999, -999, -999, -999, -999, -999, -999, -999,
19840618, 1800, , TS, 20.6N,  134.1E,   35,  998, -999, -999, -999, -999, -999, -999, -999, -999, -999, -999, -999, -999,
19840619, 0000, , TS, 20.8N,  133.4E,   40,  997, -999, -999, -999, -999, -999, -999, -999, -999, -999, -999, -999, -999,
19840619, 0600, , TS, 21.2N,  132.8E,   35, 1000, -999, -999, -999, -999, -999, -999, -999, -999, -999, -999, -999, -999,
19840619, 1200, , TS, 21.3N,  132.2E,   40,  997, -999, -999, -999, -999, -999, -999, -999, -999, -999, -999, -999, -999,
19840619, 1800, , TS, 21.7N,  131.6E,   40,  996, -999, -999, -999, -999, -999, -999, -999, -999, -999, -999, -999, -999,
19840620, 0000, , TS, 22.0N,  131.0E,   45,  992, -999, -999, -999, -999, -999, -999, -999, -999, -999, -999, -999, -999,
19840620, 0600, , TS, 22.2N,  130.4E,   50,  989, -999, -999, -999, -999, -999, -999, -999, -999, -999, -999, -999, -999,
19840620, 1200, , TS, 22.3N,  129.7E,   50,  988, -999, -999, -999, -999, -999, -999, -999, -999, -999, -999, -999, -999,
19840620, 1800, , TS, 22.4N,  129.0E,   45,  991, -999, -999, -999, -999, -999, -999, -999, -999, -999, -999, -999, -999,
19840621, 0000, , TS, 22.4N,  128.5E,   45,  990, -999, -999, -999, -999, -999, -999, -999, -999, -999, -999, -999, -999,
19840621, 0600, , TS, 22.4N,  128.1E,   50,  987, -999, -999, -999, -999, -999, -999, -999, -999, -999, -999, -999, -999,
19840621, 1200, , TS, 22.4N,  127.8E,   50,  987, -999, -999, -999, -999, -999, -999, -999, -999, -999, -999, -999, -999,
19840621, 1800, , TS, 22.3N,  127.3E,   50,  986, -999, -999, -999, -999, -999, -999, -999, -999, -999, -999, -999, -999,
19840622, 0000, , TS, 22.3N,  126.9E,   50,  986, -999, -999, -999, -999, -999, -999, -999, -999, -999, -999, -999, -999,
19840622, 0600, , TS, 22.3N,  126.5E,   50,  986, -999, -999, -999, -999, -999, -999, -999, -999, -999, -999, -999, -999,
19840622, 1200, , TS, 22.3N,  125.8E,   50,  987, -999, -999, -999, -999, -999, -999, -999, -999, -999, -999, -999, -999,
19840622, 1800, , TS, 22.2N,  125.0E,   50,  986, -999, -999, -999, -999, -999, -999, -999, -999, -999, -999, -999, -999,
19840623, 0000, , TS, 22.1N,  123.9E,   50,  985, -999, -999, -999, -999, -999, -999, -999, -999, -999, -999, -999, -999,
19840623, 0600, , TS, 22.1N,  123.0E,   55,  982, -999, -999, -999, -999, -999, -999, -999, -999, -999, -999, -999, -999,
19840623, 1200, , TS, 21.9N,  121.8E,   55,  981, -999, -999, -999, -999, -999, -999, -999, -999, -999, -999, -999, -999,
19840623, 1800, , TS, 21.9N,  120.7E,   60,  978, -999, -999, -999, -999, -999, -999, -999, -999, -999, -999, -999, -999,
19840624, 0000, , TY, 22.0N,  118.8E,   65,  975, -999, -999, -999, -999, -999, -999, -999, -999, -999, -999, -999, -999,
19840624, 0600, , TY, 21.6N,  117.1E,   65,  974, -999, -999, -999, -999, -999, -999, -999, -999, -999, -999, -999, -999,
19840624, 1200, , TY, 21.2N,  115.8E,   65,  975, -999, -999, -999, -999, -999, -999, -999, -999, -999, -999, -999, -999,
19840624, 1800, , TS, 21.2N,  114.7E,   60,  978, -999, -999, -999, -999, -999, -999, -999, -999, -999, -999, -999, -999,
19840625, 0000, , TS, 21.2N,  113.2E,   60,  977, -999, -999, -999, -999, -999, -999, -999, -999, -999, -999, -999, -999,
19840625, 0600, , TS, 21.2N,  112.2E,   60,  978, -999, -999, -999, -999, -999, -999, -999, -999, -999, -999, -999, -999,
19840625, 1200, , TS, 21.5N,  110.7E,   60,  979, -999, -999, -999, -999, -999, -999, -999, -999, -999, -999, -999, -999,
19840625, 1800, , TS, 21.9N,  108.9E,   55,  980, -999, -999, -999, -999, -999, -999, -999, -999, -999, -999, -999, -999,
19840626, 0000, , TS, 22.3N,  107.0E,   40,  989, -999, -999, -999, -999, -999, -999, -999, -999, -999, -999, -999, -999,
19840626, 0600, , TD, 21.8N,  105.8E,   30,  991, -999, -999, -999, -999, -999, -999, -999, -999, -999, -999, -999, -999,
19840626, 1200, , DB, 21.5N,  104.1E,   25,  993, -999, -999, -999, -999, -999, -999, -999, -999, -999, -999, -999, -999,
WPXX1984,             BREAKER,     XX,
19840630, 1200, , DB, 15.8N,  125.6E,   30, 1006, -999, -999, -999, -999, -999, -999, -999, -999, -999, -999, -999, -999,
19840630, 1800, , TD, 15.9N,  125.0E,   30, 1005, -999, -999, -999, -999, -999, -999, -999, -999, -999, -999, -999, -999,
19840701, 0000, , TS, 16.1N,  124.5E,   40, 1000, -999, -999, -999, -999, -999, -999, -999, -999, -999, -999, -999, -999,
19840701, 0600, , TS, 16.1N,  124.2E,   40,  999, -999, -999, -999, -999, -999, -999, -999, -999, -999, -999, -999, -999,
19840701, 1200, , TS, 16.3N,  124.0E,   45,  998, -999, -999, -999, -999, -999, -999, -999, -999, -999, -999, -999, -999,
19840701, 1800, , TS, 16.8N,  123.8E,   45,  997, -999, -999, -999, -999, -999, -999, -999, -999, -999, -999, -999, -999,
19840702, 0000, , TS, 17.3N,  123.6E,   55,  992, -999, -999, -999, -999, -999, -999, -999, -999, -999, -999, -999, -999,
19840702, 0600, , HU, 18.1N,  123.3E,   65,  984, -999, -999, -999, -999, -999, -999, -999, -999, -999, -999, -999, -999,
19840702, 1200, , HU, 19.3N,  123.0E,   75,  976, -999, -999, -999, -999, -999, -999, -999, -999, -999, -999, -999, -999,
19840702, 1800, , HU, 20.6N,  122.2E,   85,  968, -999, -999, -999, -999, -999, -999, -999, -999, -999, -999, -999, -999,
19840703, 0000, , HU, 21.7N,  121.6E,   95,  960, -999, -999, -999, -999, -999, -999, -999, -999, -999, -999, -999, -999,
19840703, 0600, , HU, 23.3N,  121.5E,   80,  972, -999, -999, -999, -999, -999, -999, -999, -999, -999, -999, -999, -999,
19840703, 1200, , HU, 24.7N,  121.0E,   65,  985, -999, -999, -999, -999, -999, -999, -999, -999, -999, -999, -999, -999,
19840703, 1800, , TS, 26.1N,  120.9E,   55,  992, -999, -999, -999, -999, -999, -999, -999, -999, -999, -999, -999, -999,
19840704, 0000, , TS, 27.8N,  121.2E,   45,  998, -999, -999, -999, -999, -999, -999, -999, -999, -999, -999, -999, -999,
19840704, 0600, , TS, 29.6N,  121.8E,   40, 1000, -999, -999, -999, -999, -999, -999, -999, -999, -999, -999, -999, -999,
19840704, 1200, , TS, 31.1N,  122.6E,   35, 1002, -999, -999, -999, -999, -999, -999, -999, -999, -999, -999, -999, -999,
19840704, 1800, , TD, 32.8N,  123.8E,   30, 1002, -999, -999, -999, -999, -999, -999, -999, -999, -999, -999, -999, -999,
19840705, 0000, , TD, 33.9N,  125.1E,   30, 1003, -999, -999, -999, -999, -999, -999, -999, -999, -999, -999, -999, -999,
19840705, 0600, , TD, 34.9N,  127.2E,   30, 1003, -999, -999, -999, -999, -999, -999, -999, -999, -999, -999, -999, -999,
19840705, 1200, , EX, 35.6N,  129.5E,   30, 1002, -999, -999, -999, -999, -999, -999, -999, -999, -999, -999, -999, -999,
WPXX1984,             BREAKER,     XX,
19840704, 1800, , DB, 14.7N,  126.3E,   20, 1009, -999, -999, -999, -999, -999, -999, -999, -999, -999, -999, -999, -999,
19840705, 0000, , DB, 14.5N,  125.0E,   20, 1008, -999, -999, -999, -999, -999, -999, -999, -999, -999, -999, -999, -999,
19840705, 0600, , TD, 14.6N,  123.8E,   25, 1007, -999, -999, -999, -999, -999, -999, -999, -999, -999, -999, -999, -999,
19840705, 1200, , TD, 14.8N,  122.8E,   25, 1006, -999, -999, -999, -999, -999, -999, -999, -999, -999, -999, -999, -999,
19840705, 1800, , TD, 15.1N,  121.8E,   30, 1004, -999, -999, -999, -999, -999, -999, -999, -999, -999, -999, -999, -999,
19840706, 0000, , TD, 15.5N,  120.9E,   25, 1007, -999, -999, -999, -999, -999, -999, -999, -999, -999, -999, -999, -999,
19840706, 0600, , TD, 15.9N,  120.2E,   25, 1007, -999, -999, -999, -999, -999, -999, -999, -999, -999, -999, -999, -999,
19840706, 1200, , TD, 16.3N,  119.4E,   25, 1006, -999, -999, -999, -999, -999, -999, -999, -999, -999, -999, -999, -999,
19840706, 1800, , TD, 16.8N,  118.6E,   30, 1005, -999, -999, -999, -999, -999, -999, -999, -999, -999, -999, -999, -999,
19840707, 0000, , TS, 17.2N,  117.9E,   35, 1003, -999, -999, -999, -999, -999, -999, -999, -999, -999, -999, -999, -999,
19840707, 0600, , TS, 17.6N,  117.3E,   35, 1002, -999, -999, -999, -999, -999, -999, -999, -999, -999, -999, -999, -999,
19840707, 1200, , TS, 18.1N,  116.6E,   40, 1000, -999, -999, -999, -999, -999, -999, -999, -999, -999, -999, -999, -999,
19840707, 1800, , TS, 18.6N,  116.2E,   45,  998, -999, -999, -999, -999, -999, -999, -999, -999, -999, -999, -999, -999,
19840708, 0000, , TS, 19.0N,  115.7E,   45,  997, -999, -999, -999, -999, -999, -999, -999, -999, -999, -999, -999, -999,
19840708, 0600, , TS, 19.6N,  115.0E,   50,  994, -999, -999, -999, -999, -999, -999, -999, -999, -999, -999, -999, -999,
19840708, 1200, , TS, 20.1N,  114.0E,   55,  990, -999, -999, -999, -999, -999, -999, -999, -999, -999, -999, -999, -999,
19840708, 1800, , TS, 20.7N,  113.1E,   55,  989, -999, -999, -999, -999, -999, -999, -999, -999, -999, -999, -999, -999,
19840709, 0000, , TS, 21.3N,  112.3E,   55,  988, -999, -999, -999, -999, -999, -999, -999, -999, -999, -999, -999, -999,
19840709, 0600, , TS, 22.0N,  111.0E,   50,  990, -999, -999, -999, -999, -999, -999, -999, -999, -999, -999, -999, -999,
19840709, 1200, , TS, 22.4N,  109.7E,   40,  995, -999, -999, -999, -999, -999, -999, -999, -999, -999, -999, -999, -999,
19840709, 1800, , TD, 22.7N,  108.5E,   30, 1000, -999, -999, -999, -999, -999, -999, -999, -999, -999, -999, -999, -999,
19840710, 0000, , DB, 23.2N,  107.3E,   25, 1003, -999, -999, -999, -999, -999, -999, -999, -999, -999, -999, -999, -999,
WPXX1984,             BREAKER,     XX,
19840705, 0600, , DB, 16.5N,  152.8E,   20, 1008, -999, -999, -999, -999, -999, -999, -999, -999, -999, -999, -999, -999,
19840705, 1200, , DB, 16.7N,  152.0E,   20, 1008, -999, -999, -999, -999, -999, -999, -999, -999, -999, -999, -999, -999,
19840705, 1800, , DB, 16.8N,  151.2E,   20, 1007, -999, -999, -999, -999, -999, -999, -999, -999, -999, -999, -999, -999,
19840706, 0000, , DB, 16.9N,  150.3E,   25, 1006, -999, -999, -999, -999, -999, -999, -999, -999, -999, -999, -999, -999,
19840706, 0600, , DB, 17.1N,  149.5E,   25, 1006, -999, -999, -999, -999, -999, -999, -999, -999, -999, -999, -999, -999,
19840706, 1200, , DB, 17.3N,  148.6E,   25, 1005, -999, -999, -999, -999, -999, -999, -999, -999, -999, -999, -999, -999,
19840706, 1800, , TD, 17.6N,  147.7E,   25, 1005, -999, -999, -999, -999, -999, -999, -999, -999, -999, -999, -999, -999,
19840707, 0000, , TD, 18.0N,  146.9E,   30, 1003, -999, -999, -999, -999, -999, -999, -999, -999, -999, -999, -999, -999,
19840707, 0600, , TD, 18.6N,  146.6E,   30, 1002, -999, -999, -999, -999, -999, -999, -999, -999, -999, -999, -999, -999,
19840707, 1200, , TS, 19.0N,  146.4E,   35,  998, -999, -999, -999, -999, -999, -999, -999, -999, -999, -999, -999, -999,
19840707, 1800, , TS, 19.5N,  146.2E,   40,  994, -999, -999, -999, -999, -999, -999, -999, -999, -999, -999, -999, -999,
19840708, 0000, , TS, 19.9N,  146.0E,   45,  991, -999, -999, -999, -999, -999, -999, -999, -999, -999, -999, -999, -999,
19840708, 0600, , TS, 20.4N,  145.8E,   50,  987, -999, -999, -999, -999, -999, -999, -999, -999, -999, -999, -999, -999,
19840708, 1200, , TS, 20.8N,  145.6E,   55,  985, -999, -999, -999, -999, -999, -999, -999, -999, -999, -999, -999, -999,
19840708, 1800, , TS, 21.3N,  145.3E,   55,  984, -999, -999, -999, -999, -999, -999, -999, -999, -999, -999, -999, -999,
19840709, 0000, , TS, 21.7N,  145.0E,   60,  982, -999, -999, -999, -999, -999, -999, -999, -999, -999, -999, -999, -999,
19840709, 0600, , HU, 21.8N,  144.9E,   65,  979, -999, -999, -999, -999, -999, -999, -999, -999, -999, -999, -999, -999,
19840709, 1200, , HU, 21.8N,  144.7E,   75,  973, -999, -999, -999, -999, -999, -999, -999, -999, -999, -999, -999, -999,
19840709, 1800, , HU, 21.9N,  144.6E,   85,  963, -999, -999, -999, -999, -999, -999, -999, -999, -999, -999, -999, -999,
19840710, 0000, , HU, 21.9N,  144.5E,   95,  955, -999, -999, -999, -999, -999, -999, -999, -999, -999, -999, -999, -999,
19840710, 0600, , HU, 22.0N,  144.5E,   85,  964, -999, -999, -999, -999, -999, -999, -999, -999, -999, -999, -999, -999,
19840710, 1200, , HU, 22.2N,  144.6E,   75,  971, -999, -999, -999, -999, -999, -999, -999, -999, -999, -999, -999, -999,
19840710, 1800, , HU, 22.5N,  145.0E,   75,  972, -999, -999, -999, -999, -999, -999, -999, -999, -999, -999, -999, -999,
19840711, 0000, , HU, 23.1N,  145.4E,   70,  974, -999, -999, -999, -999, -999, -999, -999, -999, -999, -999, -999, -999,
19840711, 0600, , HU, 23.8N,  146.1E,   65,  978, -999, -999, -999, -999, -999, -999, -999, -999, -999, -999, -999, -999,
19840711, 1200, , TS, 24.6N,  146.8E,   60,  982, -999, -999, -999, -999, -999, -999, -999, -999, -999, -999, -999, -999,
19840711, 1800, , HU, 25.1N,  147.4E,   70,  975, -999, -999, -999, -999, -999, -999, -999, -999, -999, -999, -999, -999,
19840712, 0000, , HU, 25.7N,  148.1E,   70,  974, -999, -999, -999, -999, -999, -999, -999, -999, -999, -999, -999, -999,
19840712, 0600, , HU, 26.4N,  149.0E,   75,  972, -999, -999, -999, -999, -999, -999, -999, -999, -999, -999, -999, -999,
19840712, 1200, , HU, 27.0N,  149.9E,   80,  969, -999, -999, -999, -999, -999, -999, -999, -999, -999, -999, -999, -999,
19840712, 1800, , HU, 27.6N,  150.5E,   90,  961, -999, -999, -999, -999, -999, -999, -999, -999, -999, -999, -999, -999,
19840713, 0000, , HU, 28.3N,  151.2E,   85,  964, -999, -999, -999, -999, -999, -999, -999, -999, -999, -999, -999, -999,
19840713, 0600, , HU, 29.0N,  151.8E,   85,  965, -999, -999, -999, -999, -999, -999, -999, -999, -999, -999, -999, -999,
19840713, 1200, , HU, 29.5N,  152.3E,   75,  972, -999, -999, -999, -999, -999, -999, -999, -999, -999, -999, -999, -999,
19840713, 1800, , HU, 30.0N,  152.6E,   65,  978, -999, -999, -999, -999, -999, -999, -999, -999, -999, -999, -999, -999,
19840714, 0000, , EX, 30.4N,  152.8E,   55,  984, -999, -999, -999, -999, -999, -999, -999, -999, -999, -999, -999, -999,
19840714, 0600, , EX, 31.0N,  152.9E,   50,  986, -999, -999, -999, -999, -999, -999, -999, -999, -999, -999, -999, -999,
WPXX1984,             BREAKER,     XX,
19840721, 1800, , DB, 21.0N,  162.2E,   30, 1002, -999, -999, -999, -999, -999, -999, -999, -999, -999, -999, -999, -999,
19840722, 0000, , DB, 21.0N,  161.3E,   30, 1002, -999, -999, -999, -999, -999, -999, -999, -999, -999, -999, -999, -999,
19840722, 0600, , DB, 21.0N,  160.9E,   30, 1003, -999, -999, -999, -999, -999, -999, -999, -999, -999, -999, -999, -999,
19840722, 1200, , DB, 20.9N,  160.4E,   25, 1004, -999, -999, -999, -999, -999, -999, -999, -999, -999, -999, -999, -999,
19840722, 1800, , DB, 20.7N,  159.8E,   25, 1005, -999, -999, -999, -999, -999, -999, -999, -999, -999, -999, -999, -999,
19840723, 0000, , DB, 20.4N,  159.1E,   25, 1006, -999, -999, -999, -999, -999, -999, -999, -999, -999, -999, -999, -999,
19840723, 0600, , DB, 20.5N,  158.6E,   25, 1005, -999, -999, -999, -999, -999, -999, -999, -999, -999, -999, -999, -999,
19840723, 1200, , TD, 21.0N,  158.2E,   25, 1004, -999, -999, -999, -999, -999, -999, -999, -999, -999, -999, -999, -999,
19840723, 1800, , TD, 21.3N,  157.8E,   25, 1003, -999, -999, -999, -999, -999, -999, -999, -999, -999, -999, -999, -999,
19840724, 0000, , TD, 21.6N,  157.3E,   30, 1001, -999, -999, -999, -999, -999, -999, -999, -999, -999, -999, -999, -999,
19840724, 0600, , TD, 21.7N,  156.4E,   35,  998, -999, -999, -999, -999, -999, -999, -999, -999, -999, -999, -999, -999,
19840724, 1200, , TS, 21.3N,  155.4E,   40,  995, -999, -999, -999, -999, -999, -999, -999, -999, -999, -999, -999, -999,
19840724, 1800, , TS, 21.0N,  154.7E,   45,  992, -999, -999, -999, -999, -999, -999, -999, -999, -999, -999, -999, -999,
19840725, 0000, , TS, 20.6N,  153.9E,   45,  991, -999, -999, -999, -999, -999, -999, -999, -999, -999, -999, -999, -999,
19840725, 0600, , TS, 20.0N,  152.9E,   50,  987, -999, -999, -999, -999, -999, -999, -999, -999, -999, -999, -999, -999,
19840725, 1200, , TS, 19.5N,  152.2E,   50,  986, -999, -999, -999, -999, -999, -999, -999, -999, -999, -999, -999, -999,
19840725, 1800, , TS, 19.3N,  151.8E,   60,  981, -999, -999, -999, -999, -999, -999, -999, -999, -999, -999, -999, -999,
19840726, 0000, , HU, 19.3N,  151.4E,   70,  976, -999, -999, -999, -999, -999, -999, -999, -999, -999, -999, -999, -999,
19840726, 0600, , HU, 19.5N,  150.8E,   85,  964, -999, -999, -999, -999, -999, -999, -999, -999, -999, -999, -999, -999,
19840726, 1200, , HU, 19.8N,  150.4E,   95,  958, -999, -999, -999, -999, -999, -999, -999, -999, -999, -999, -999, -999,
19840726, 1800, , HU, 20.0N,  150.2E,  100,  954, -999, -999, -999, -999, -999, -999, -999, -999, -999, -999, -999, -999,
19840727, 0000, , HU, 20.3N,  150.2E,   95,  957, -999, -999, -999, -999, -999, -999, -999, -999, -999, -999, -999, -999,
19840727, 0600, , HU, 20.5N,  150.5E,   85,  963, -999, -999, -999, -999, -999, -999, -999, -999, -999, -999, -999, -999,
19840727, 1200, , HU, 20.7N,  150.7E,   80,  967, -999, -999, -999, -999, -999, -999, -999, -999, -999, -999, -999, -999,
19840727, 1800, , HU, 20.8N,  151.1E,   85,  964, -999, -999, -999, -999, -999, -999, -999, -999, -999, -999, -999, -999,
19840728, 0000, , HU, 21.0N,  151.5E,   90,  960, -999, -999, -999, -999, -999, -999, -999, -999, -999, -999, -999, -999,
19840728, 0600, , HU, 21.0N,  152.0E,  120,  939, -999, -999, -999, -999, -999, -999, -999, -999, -999, -999, -999, -999,
19840728, 1200, , HU, 21.1N,  152.6E,  140,  915, -999, -999, -999, -999, -999, -999, -999, -999, -999, -999, -999, -999,
19840728, 1800, , HU, 21.8N,  153.2E,  140,  912, -999, -999, -999, -999, -999, -999, -999, -999, -999, -999, -999, -999,
19840729, 0000, , HU, 22.8N,  153.8E,  135,  916, -999, -999, -999, -999, -999, -999, -999, -999, -999, -999, -999, -999,
19840729, 0600, , HU, 24.0N,  154.3E,  125,  927, -999, -999, -999, -999, -999, -999, -999, -999, -999, -999, -999, -999,
19840729, 1200, , HU, 25.2N,  154.6E,  115,  935, -999, -999, -999, -999, -999, -999, -999, -999, -999, -999, -999, -999,
19840729, 1800, , HU, 26.7N,  154.9E,  105,  941, -999, -999, -999, -999, -999, -999, -999, -999, -999, -999, -999, -999,
19840730, 0000, , HU, 28.1N,  155.1E,  100,  943, -999, -999, -999, -999, -999, -999, -999, -999, -999, -999, -999, -999,
19840730, 0600, , HU, 29.8N,  155.6E,   90,  950, -999, -999, -999, -999, -999, -999, -999, -999, -999, -999, -999, -999,
19840730, 1200, , HU, 31.3N,  156.0E,   80,  959, -999, -999, -999, -999, -999, -999, -999, -999, -999, -999, -999, -999,
19840730, 1800, , HU, 32.9N,  156.9E,   70,  964, -999, -999, -999, -999, -999, -999, -999, -999, -999, -999, -999, -999,
19840731, 0000, , TS, 34.4N,  157.9E,   60,  970, -999, -999, -999, -999, -999, -999, -999, -999, -999, -999, -999, -999,
19840731, 0600, , TS, 35.6N,  159.6E,   55,  974, -999, -999, -999, -999, -999, -999, -999, -999, -999, -999, -999, -999,
19840731, 1200, , TS, 36.7N,  161.4E,   50,  977, -999, -999, -999, -999, -999, -999, -999, -999, -999, -999, -999, -999,
19840731, 1800, , TS, 37.8N,  163.9E,   45,  980, -999, -999, -999, -999, -999, -999, -999, -999, -999, -999, -999, -999,
19840801, 0000, , TS, 39.1N,  166.6E,   45,  981, -999, -999, -999, -999, -999, -999, -999, -999, -999, -999, -999, -999,
19840801, 0600, , TS, 40.1N,  170.2E,   45,  980, -999, -999, -999, -999, -999, -999, -999, -999, -999, -999, -999, -999,
19840801, 1200, , EX, 41.1N,  174.4E,   50,  977, -999, -999, -999, -999, -999, -999, -999, -999, -999, -999, -999, -999,
19840801, 1800, , EX, 42.8N,  177.2E,   50,  976, -999, -999, -999, -999, -999, -999, -999, -999, -999, -999, -999, -999,
WPXX1984,             BREAKER,     XX,
19840724, 1200, , DB, 29.5N,  134.7E,   30, 1001, -999, -999, -999, -999, -999, -999, -999, -999, -999, -999, -999, -999,
19840725, 1800, , TD, 29.2N,  134.8E,   30, 1000, -999, -999, -999, -999, -999, -999, -999, -999, -999, -999, -999, -999,
19840725, 0000, , TD, 28.5N,  134.9E,   30,  999, -999, -999, -999, -999, -999, -999, -999, -999, -999, -999, -999, -999,
19840725, 0600, , TS, 28.0N,  135.1E,   35,  996, -999, -999, -999, -999, -999, -999, -999, -999, -999, -999, -999, -999,
19840725, 1200, , TS, 27.0N,  135.6E,   40,  992, -999, -999, -999, -999, -999, -999, -999, -999, -999, -999, -999, -999,
19840725, 1800, , TS, 26.2N,  136.4E,   45,  989, -999, -999, -999, -999, -999, -999, -999, -999, -999, -999, -999, -999,
19840726, 0000, , TS, 25.9N,  137.5E,   50,  985, -999, -999, -999, -999, -999, -999, -999, -999, -999, -999, -999, -999,
19840726, 0600, , TS, 25.6N,  138.7E,   50,  986, -999, -999, -999, -999, -999, -999, -999, -999, -999, -999, -999, -999,
19840726, 1200, , TS, 25.7N,  140.0E,   50,  985, -999, -999, -999, -999, -999, -999, -999, -999, -999, -999, -999, -999,
19840726, 1800, , TS, 26.4N,  140.6E,   55,  981, -999, -999, -999, -999, -999, -999, -999, -999, -999, -999, -999, -999,
19840727, 0000, , TS, 27.0N,  140.7E,   55,  982, -999, -999, -999, -999, -999, -999, -999, -999, -999, -999, -999, -999,
19840727, 0600, , HU, 27.7N,  140.4E,   65,  976, -999, -999, -999, -999, -999, -999, -999, -999, -999, -999, -999, -999,
19840727, 1200, , HU, 28.3N,  139.6E,   70,  973, -999, -999, -999, -999, -999, -999, -999, -999, -999, -999, -999, -999,
19840727, 1800, , HU, 28.7N,  138.7E,   70,  972, -999, -999, -999, -999, -999, -999, -999, -999, -999, -999, -999, -999,
19840728, 0000, , HU, 29.0N,  137.8E,   65,  975, -999, -999, -999, -999, -999, -999, -999, -999, -999, -999, -999, -999,
19840728, 0600, , HU, 29.3N,  136.7E,   75,  969, -999, -999, -999, -999, -999, -999, -999, -999, -999, -999, -999, -999,
19840728, 1200, , HU, 29.6N,  135.5E,   80,  965, -999, -999, -999, -999, -999, -999, -999, -999, -999, -999, -999, -999,
19840728, 1800, , HU, 29.8N,  134.2E,   75,  968, -999, -999, -999, -999, -999, -999, -999, -999, -999, -999, -999, -999,
19840729, 0000, , HU, 29.8N,  132.8E,   80,  965, -999, -999, -999, -999, -999, -999, -999, -999, -999, -999, -999, -999,
19840729, 0600, , HU, 29.8N,  131.8E,  100,  945, -999, -999, -999, -999, -999, -999, -999, -999, -999, -999, -999, -999,
19840729, 1200, , HU, 29.8N,  130.8E,  100,  947, -999, -999, -999, -999, -999, -999, -999, -999, -999, -999, -999, -999,
19840729, 1800, , HU, 30.2N,  129.6E,  100,  947, -999, -999, -999, -999, -999, -999, -999, -999, -999, -999, -999, -999,
19840730, 0000, , HU, 30.5N,  128.3E,   90,  953, -999, -999, -999, -999, -999, -999, -999, -999, -999, -999, -999, -999,
19840730, 0600, , HU, 31.1N,  126.8E,   85,  957, -999, -999, -999, -999, -999, -999, -999, -999, -999, -999, -999, -999,
19840730, 1200, , HU, 31.3N,  125.1E,   75,  965, -999, -999, -999, -999, -999, -999, -999, -999, -999, -999, -999, -999,
19840730, 1800, , HU, 31.6N,  123.8E,   70,  968, -999, -999, -999, -999, -999, -999, -999, -999, -999, -999, -999, -999,
19840731, 0000, , HU, 31.8N,  122.6E,   65,  972, -999, -999, -999, -999, -999, -999, -999, -999, -999, -999, -999, -999,
19840731, 0600, , TS, 32.2N,  121.6E,   60,  976, -999, -999, -999, -999, -999, -999, -999, -999, -999, -999, -999, -999,
19840731, 1200, , TS, 32.4N,  121.1E,   50,  984, -999, -999, -999, -999, -999, -999, -999, -999, -999, -999, -999, -999,
19840731, 1800, , TS, 32.8N,  120.7E,   45,  987, -999, -999, -999, -999, -999, -999, -999, -999, -999, -999, -999, -999,
19840801, 0000, , TS, 33.3N,  120.5E,   40,  989, -999, -999, -999, -999, -999, -999, -999, -999, -999, -999, -999, -999,
19840801, 0600, , TS, 33.7N,  120.3E,   40,  990, -999, -999, -999, -999, -999, -999, -999, -999, -999, -999, -999, -999,
19840801, 1200, , TS, 34.0N,  120.1E,   40,  991, -999, -999, -999, -999, -999, -999, -999, -999, -999, -999, -999, -999,
19840801, 1800, , DB, 34.3N,  119.8E,   40,  991, -999, -999, -999, -999, -999, -999, -999, -999, -999, -999, -999, -999,
19840802, 0000, , DB, 34.7N,  119.6E,   35,  992, -999, -999, -999, -999, -999, -999, -999, -999, -999, -999, -999, -999,
19840802, 0600, , DB, 35.0N,  119.4E,   30,  994, -999, -999, -999, -999, -999, -999, -999, -999, -999, -999, -999, -999,
WPXX1984,             BREAKER,     XX,
19840804, 0000, , DB, 11.3N,  132.4E,   20, 1003, -999, -999, -999, -999, -999, -999, -999, -999, -999, -999, -999, -999,
19840804, 0600, , DB, 12.2N,  131.5E,   20, 1002, -999, -999, -999, -999, -999, -999, -999, -999, -999, -999, -999, -999,
19840804, 1200, , DB, 13.7N,  130.6E,   20, 1003, -999, -999, -999, -999, -999, -999, -999, -999, -999, -999, -999, -999,
19840804, 1800, , DB, 14.9N,  129.6E,   25, 1002, -999, -999, -999, -999, -999, -999, -999, -999, -999, -999, -999, -999,
19840805, 0000, , DB, 15.8N,  128.3E,   25, 1001, -999, -999, -999, -999, -999, -999, -999, -999, -999, -999, -999, -999,
19840805, 0600, , DB, 16.9N,  127.2E,   30, 1000, -999, -999, -999, -999, -999, -999, -999, -999, -999, -999, -999, -999,
19840805, 1200, , TD, 18.0N,  126.8E,   30,  999, -999, -999, -999, -999, -999, -999, -999, -999, -999, -999, -999, -999,
19840805, 1800, , TS, 18.9N,  126.2E,   35,  997, -999, -999, -999, -999, -999, -999, -999, -999, -999, -999, -999, -999,
19840806, 0000, , TS, 19.7N,  125.8E,   40,  994, -999, -999, -999, -999, -999, -999, -999, -999, -999, -999, -999, -999,
19840806, 0600, , TS, 20.4N,  125.5E,   45,  991, -999, -999, -999, -999, -999, -999, -999, -999, -999, -999, -999, -999,
19840806, 1200, , TS, 21.5N,  125.1E,   45,  990, -999, -999, -999, -999, -999, -999, -999, -999, -999, -999, -999, -999,
19840806, 1800, , TS, 23.0N,  124.6E,   45,  989, -999, -999, -999, -999, -999, -999, -999, -999, -999, -999, -999, -999,
19840807, 0000, , TS, 24.4N,  123.2E,   50,  988, -999, -999, -999, -999, -999, -999, -999, -999, -999, -999, -999, -999,
19840807, 0600, , TS, 25.0N,  121.3E,   50,  985, -999, -999, -999, -999, -999, -999, -999, -999, -999, -999, -999, -999,
19840807, 1200, , TS, 26.1N,  120.4E,   45,  989, -999, -999, -999, -999, -999, -999, -999, -999, -999, -999, -999, -999,
19840807, 1800, , TS, 27.0N,  119.4E,   40,  992, -999, -999, -999, -999, -999, -999, -999, -999, -999, -999, -999, -999,
19840808, 0000, , TS, 28.0N,  118.5E,   35,  996, -999, -999, -999, -999, -999, -999, -999, -999, -999, -999, -999, -999,
19840808, 0600, , TD, 29.1N,  117.8E,   30,  997, -999, -999, -999, -999, -999, -999, -999, -999, -999, -999, -999, -999,
19840808, 1200, , TD, 30.0N,  117.0E,   30,  997, -999, -999, -999, -999, -999, -999, -999, -999, -999, -999, -999, -999,
19840808, 1800, , TD, 31.1N,  116.4E,   25,  997, -999, -999, -999, -999, -999, -999, -999, -999, -999, -999, -999, -999,
19840809, 0000, , TD, 32.2N,  115.9E,   25,  997, -999, -999, -999, -999, -999, -999, -999, -999, -999, -999, -999, -999,
19840809, 0600, , TD, 33.5N,  115.4E,   25,  998, -999, -999, -999, -999, -999, -999, -999, -999, -999, -999, -999, -999,
19840809, 1200, , TD, 35.2N,  115.1E,   25,  997, -999, -999, -999, -999, -999, -999, -999, -999, -999, -999, -999, -999,
19840809, 1800, , TD, 36.9N,  116.0E,   25,  996, -999, -999, -999, -999, -999, -999, -999, -999, -999, -999, -999, -999,
19840810, 0000, , TD, 39.2N,  117.0E,   30,  994, -999, -999, -999, -999, -999, -999, -999, -999, -999, -999, -999, -999,
19840810, 0600, , TD, 41.2N,  119.5E,   30,  995, -999, -999, -999, -999, -999, -999, -999, -999, -999, -999, -999, -999,
19840810, 1200, , EX, 42.4N,  121.9E,   30,  996, -999, -999, -999, -999, -999, -999, -999, -999, -999, -999, -999, -999,
WPXX1984,             BREAKER,     XX,
19840809, 1200, , DB,  9.4N,  133.6E,   20, 1006, -999, -999, -999, -999, -999, -999, -999, -999, -999, -999, -999, -999,
19840809, 1800, , DB,  9.9N,  131.5E,   20, 1006, -999, -999, -999, -999, -999, -999, -999, -999, -999, -999, -999, -999,
19840810, 0000, , DB, 10.7N,  130.2E,   20, 1005, -999, -999, -999, -999, -999, -999, -999, -999, -999, -999, -999, -999,
19840810, 0600, , DB, 11.9N,  129.5E,   20, 1005, -999, -999, -999, -999, -999, -999, -999, -999, -999, -999, -999, -999,
19840810, 1200, , DB, 13.4N,  129.6E,   20, 1005, -999, -999, -999, -999, -999, -999, -999, -999, -999, -999, -999, -999,
19840810, 1800, , DB, 14.9N,  129.9E,   20, 1005, -999, -999, -999, -999, -999, -999, -999, -999, -999, -999, -999, -999,
19840811, 0000, , DB, 16.0N,  129.9E,   25, 1004, -999, -999, -999, -999, -999, -999, -999, -999, -999, -999, -999, -999,
19840811, 0600, , TD, 17.1N,  129.6E,   25, 1003, -999, -999, -999, -999, -999, -999, -999, -999, -999, -999, -999, -999,
19840811, 1200, , TD, 17.9N,  129.2E,   30, 1000, -999, -999, -999, -999, -999, -999, -999, -999, -999, -999, -999, -999,
19840811, 1800, , TD, 18.6N,  128.6E,   30, 1001, -999, -999, -999, -999, -999, -999, -999, -999, -999, -999, -999, -999,
19840812, 0000, , TD, 19.2N,  127.8E,   25, 1003, -999, -999, -999, -999, -999, -999, -999, -999, -999, -999, -999, -999,
19840812, 0600, , TD, 19.7N,  127.0E,   25, 1002, -999, -999, -999, -999, -999, -999, -999, -999, -999, -999, -999, -999,
19840812, 1200, , TD, 20.2N,  125.7E,   25, 1003, -999, -999, -999, -999, -999, -999, -999, -999, -999, -999, -999, -999,
19840812, 1800, , TD, 20.5N,  124.5E,   25, 1004, -999, -999, -999, -999, -999, -999, -999, -999, -999, -999, -999, -999,
19840813, 0000, , TD, 20.5N,  123.0E,   25, 1004, -999, -999, -999, -999, -999, -999, -999, -999, -999, -999, -999, -999,
19840813, 0600, , TD, 20.2N,  121.6E,   25, 1003, -999, -999, -999, -999, -999, -999, -999, -999, -999, -999, -999, -999,
19840813, 1200, , TD, 19.7N,  120.1E,   25, 1002, -999, -999, -999, -999, -999, -999, -999, -999, -999, -999, -999, -999,
19840813, 1800, , TD, 18.8N,  118.9E,   25, 1002, -999, -999, -999, -999, -999, -999, -999, -999, -999, -999, -999, -999,
19840814, 0000, , DB, 18.0N,  117.1E,   30, 1001, -999, -999, -999, -999, -999, -999, -999, -999, -999, -999, -999, -999,
WPXX1984,             BREAKER,     XX,
19840815, 0600, , DB, 19.3N,  118.8E,   30,  999, -999, -999, -999, -999, -999, -999, -999, -999, -999, -999, -999, -999,
19840815, 1200, , TS, 19.2N,  119.1E,   35,  996, -999, -999, -999, -999, -999, -999, -999, -999, -999, -999, -999, -999,
19840815, 1800, , TS, 19.7N,  118.8E,   40,  992, -999, -999, -999, -999, -999, -999, -999, -999, -999, -999, -999, -999,
19840816, 0000, , TS, 20.0N,  118.3E,   40,  991, -999, -999, -999, -999, -999, -999, -999, -999, -999, -999, -999, -999,
19840816, 0600, , TS, 20.1N,  117.6E,   45,  987, -999, -999, -999, -999, -999, -999, -999, -999, -999, -999, -999, -999,
19840816, 1200, , TS, 19.7N,  116.7E,   45,  986, -999, -999, -999, -999, -999, -999, -999, -999, -999, -999, -999, -999,
19840816, 1800, , TS, 19.0N,  116.1E,   50,  983, -999, -999, -999, -999, -999, -999, -999, -999, -999, -999, -999, -999,
19840817, 0000, , TS, 18.4N,  116.2E,   55,  979, -999, -999, -999, -999, -999, -999, -999, -999, -999, -999, -999, -999,
19840817, 0600, , TS, 18.6N,  116.2E,   55,  981, -999, -999, -999, -999, -999, -999, -999, -999, -999, -999, -999, -999,
19840817, 1200, , TS, 18.5N,  115.8E,   55,  980, -999, -999, -999, -999, -999, -999, -999, -999, -999, -999, -999, -999,
19840817, 1800, , TS, 18.4N,  115.3E,   60,  977, -999, -999, -999, -999, -999, -999, -999, -999, -999, -999, -999, -999,
19840818, 0000, , TS, 18.5N,  114.7E,   55,  980, -999, -999, -999, -999, -999, -999, -999, -999, -999, -999, -999, -999,
19840818, 0600, , TS, 18.7N,  114.1E,   50,  983, -999, -999, -999, -999, -999, -999, -999, -999, -999, -999, -999, -999,
19840818, 1200, , TS, 18.5N,  113.3E,   55,  981, -999, -999, -999, -999, -999, -999, -999, -999, -999, -999, -999, -999,
19840818, 1800, , TS, 18.2N,  112.8E,   55,  980, -999, -999, -999, -999, -999, -999, -999, -999, -999, -999, -999, -999,
19840819, 0000, , TS, 18.1N,  112.4E,   55,  979, -999, -999, -999, -999, -999, -999, -999, -999, -999, -999, -999, -999,
19840819, 0600, , TS, 18.4N,  112.1E,   55,  980, -999, -999, -999, -999, -999, -999, -999, -999, -999, -999, -999, -999,
19840819, 1200, , TS, 18.7N,  112.0E,   50,  984, -999, -999, -999, -999, -999, -999, -999, -999, -999, -999, -999, -999,
19840819, 1800, , TS, 19.0N,  112.1E,   50,  985, -999, -999, -999, -999, -999, -999, -999, -999, -999, -999, -999, -999,
19840820, 0000, , TS, 19.5N,  112.4E,   50,  984, -999, -999, -999, -999, -999, -999, -999, -999, -999, -999, -999, -999,
19840820, 0600, , TS, 20.0N,  112.8E,   50,  985, -999, -999, -999, -999, -999, -999, -999, -999, -999, -999, -999, -999,
19840820, 1200, , TS, 20.7N,  113.3E,   50,  984, -999, -999, -999, -999, -999, -999, -999, -999, -999, -999, -999, -999,
19840820, 1800, , TS, 21.4N,  113.6E,   50,  985, -999, -999, -999, -999, -999, -999, -999, -999, -999, -999, -999, -999,
19840821, 0000, , TS, 21.8N,  114.4E,   45,  988, -999, -999, -999, -999, -999, -999, -999, -999, -999, -999, -999, -999,
19840821, 0600, , TS, 22.9N,  115.3E,   40,  992, -999, -999, -999, -999, -999, -999, -999, -999, -999, -999, -999, -999,
19840821, 1200, , TS, 24.2N,  115.5E,   35,  995, -999, -999, -999, -999, -999, -999, -999, -999, -999, -999, -999, -999,
19840821, 1800, , TD, 25.4N,  115.4E,   30,  997, -999, -999, -999, -999, -999, -999, -999, -999, -999, -999, -999, -999,
19840822, 0000, , TD, 27.6N,  115.8E,   30,  998, -999, -999, -999, -999, -999, -999, -999, -999, -999, -999, -999, -999,
19840822, 0600, , DB, 29.7N,  118.3E,   25,  999, -999, -999, -999, -999, -999, -999, -999, -999, -999, -999, -999, -999,
WPXX1984,             BREAKER,     XX,
19840814, 0000, , DB, 18.8N,  138.9E,   25, 1005, -999, -999, -999, -999, -999, -999, -999, -999, -999, -999, -999, -999,
19840814, 0600, , DB, 19.0N,  138.3E,   25, 1004, -999, -999, -999, -999, -999, -999, -999, -999, -999, -999, -999, -999,
19840814, 1200, , DB, 19.3N,  137.6E,   30, 1001, -999, -999, -999, -999, -999, -999, -999, -999, -999, -999, -999, -999,
19840814, 1800, , DB, 19.6N,  136.8E,   30, 1000, -999, -999, -999, -999, -999, -999, -999, -999, -999, -999, -999, -999,
19840815, 0000, , DB, 20.0N,  135.8E,   30,  999, -999, -999, -999, -999, -999, -999, -999, -999, -999, -999, -999, -999,
19840815, 0600, , TS, 20.3N,  134.8E,   35,  997, -999, -999, -999, -999, -999, -999, -999, -999, -999, -999, -999, -999,
19840815, 1200, , TS, 21.1N,  134.1E,   40,  995, -999, -999, -999, -999, -999, -999, -999, -999, -999, -999, -999, -999,
19840815, 1800, , TS, 21.9N,  133.4E,   40,  994, -999, -999, -999, -999, -999, -999, -999, -999, -999, -999, -999, -999,
19840816, 0000, , TS, 22.6N,  132.6E,   40,  993, -999, -999, -999, -999, -999, -999, -999, -999, -999, -999, -999, -999,
19840816, 0600, , TS, 22.8N,  131.8E,   45,  990, -999, -999, -999, -999, -999, -999, -999, -999, -999, -999, -999, -999,
19840816, 1200, , TS, 22.8N,  131.1E,   50,  987, -999, -999, -999, -999, -999, -999, -999, -999, -999, -999, -999, -999,
19840816, 1800, , TS, 22.8N,  130.5E,   50,  986, -999, -999, -999, -999, -999, -999, -999, -999, -999, -999, -999, -999,
19840817, 0000, , TS, 22.9N,  130.0E,   55,  983, -999, -999, -999, -999, -999, -999, -999, -999, -999, -999, -999, -999,
19840817, 0600, , TS, 22.9N,  129.5E,   60,  979, -999, -999, -999, -999, -999, -999, -999, -999, -999, -999, -999, -999,
19840817, 1200, , TS, 23.0N,  129.1E,   60,  977, -999, -999, -999, -999, -999, -999, -999, -999, -999, -999, -999, -999,
19840817, 1800, , HU, 23.2N,  128.7E,   65,  971, -999, -999, -999, -999, -999, -999, -999, -999, -999, -999, -999, -999,
19840818, 0000, , HU, 23.6N,  128.2E,   65,  972, -999, -999, -999, -999, -999, -999, -999, -999, -999, -999, -999, -999,
19840818, 0600, , HU, 24.4N,  127.6E,   65,  973, -999, -999, -999, -999, -999, -999, -999, -999, -999, -999, -999, -999,
19840818, 1200, , HU, 25.2N,  127.0E,   70,  968, -999, -999, -999, -999, -999, -999, -999, -999, -999, -999, -999, -999,
19840818, 1800, , HU, 25.7N,  126.3E,   70,  967, -999, -999, -999, -999, -999, -999, -999, -999, -999, -999, -999, -999,
19840819, 0000, , HU, 26.2N,  126.1E,   75,  964, -999, -999, -999, -999, -999, -999, -999, -999, -999, -999, -999, -999,
19840819, 0600, , HU, 26.8N,  126.3E,   75,  963, -999, -999, -999, -999, -999, -999, -999, -999, -999, -999, -999, -999,
19840819, 1200, , HU, 27.7N,  126.5E,   75,  965, -999, -999, -999, -999, -999, -999, -999, -999, -999, -999, -999, -999,
19840819, 1800, , HU, 28.6N,  126.3E,   75,  965, -999, -999, -999, -999, -999, -999, -999, -999, -999, -999, -999, -999,
19840820, 0000, , HU, 29.5N,  126.2E,   75,  965, -999, -999, -999, -999, -999, -999, -999, -999, -999, -999, -999, -999,
19840820, 0600, , HU, 30.3N,  126.2E,   75,  965, -999, -999, -999, -999, -999, -999, -999, -999, -999, -999, -999, -999,
19840820, 1200, , HU, 31.1N,  126.5E,   70,  967, -999, -999, -999, -999, -999, -999, -999, -999, -999, -999, -999, -999,
19840820, 1800, , HU, 31.8N,  126.9E,   65,  970, -999, -999, -999, -999, -999, -999, -999, -999, -999, -999, -999, -999,
19840821, 0000, , TS, 33.0N,  127.8E,   60,  974, -999, -999, -999, -999, -999, -999, -999, -999, -999, -999, -999, -999,
19840821, 0600, , TS, 34.2N,  128.9E,   60,  975, -999, -999, -999, -999, -999, -999, -999, -999, -999, -999, -999, -999,
19840821, 1200, , TS, 35.4N,  130.4E,   55,  979, -999, -999, -999, -999, -999, -999, -999, -999, -999, -999, -999, -999,
19840821, 1800, , TS, 36.8N,  132.4E,   50,  982, -999, -999, -999, -999, -999, -999, -999, -999, -999, -999, -999, -999,
19840822, 0000, , TS, 38.4N,  134.8E,   50,  983, -999, -999, -999, -999, -999, -999, -999, -999, -999, -999, -999, -999,
19840822, 0000, , EX, 40.4N,  136.5E,   50,  984, -999, -999, -999, -999, -999, -999, -999, -999, -999, -999, -999, -999,
WPXX1984,             BREAKER,     XX,
19840823, 0000, , DB, 19.1N,  142.7E,   20, 1003, -999, -999, -999, -999, -999, -999, -999, -999, -999, -999, -999, -999,
19840823, 0600, , DB, 19.5N,  141.8E,   20, 1002, -999, -999, -999, -999, -999, -999, -999, -999, -999, -999, -999, -999,
19840823, 1200, , DB, 19.7N,  140.8E,   25, 1001, -999, -999, -999, -999, -999, -999, -999, -999, -999, -999, -999, -999,
19840823, 1800, , DB, 20.0N,  139.8E,   25, 1000, -999, -999, -999, -999, -999, -999, -999, -999, -999, -999, -999, -999,
19840824, 0000, , TD, 20.3N,  138.7E,   25,  999, -999, -999, -999, -999, -999, -999, -999, -999, -999, -999, -999, -999,
19840824, 0600, , TD, 20.8N,  137.4E,   30,  995, -999, -999, -999, -999, -999, -999, -999, -999, -999, -999, -999, -999,
19840824, 1200, , TD, 21.4N,  136.1E,   25,  998, -999, -999, -999, -999, -999, -999, -999, -999, -999, -999, -999, -999,
19840824, 1800, , DB, 22.2N,  134.5E,   25,  999, -999, -999, -999, -999, -999, -999, -999, -999, -999, -999, -999, -999,
19840825, 0000, , DB, 23.3N,  133.0E,   20, 1002, -999, -999, -999, -999, -999, -999, -999, -999, -999, -999, -999, -999,
WPXX1984,             BREAKER,     XX,
19840826, 0000, , DB,  8.2N,  146.0E,   25, 1010, -999, -999, -999, -999, -999, -999, -999, -999, -999, -999, -999, -999,
19840826, 0600, , TD,  8.8N,  145.9E,   30, 1009, -999, -999, -999, -999, -999, -999, -999, -999, -999, -999, -999, -999,
19840826, 1200, , TS,  9.4N,  145.8E,   35, 1008, -999, -999, -999, -999, -999, -999, -999, -999, -999, -999, -999, -999,
19840826, 1800, , TS, 10.2N,  145.5E,   40, 1005, -999, -999, -999, -999, -999, -999, -999, -999, -999, -999, -999, -999,
19840827, 0000, , TS, 10.8N,  144.9E,   45, 1001, -999, -999, -999, -999, -999, -999, -999, -999, -999, -999, -999, -999,
19840827, 0600, , TS, 11.4N,  144.4E,   50,  998, -999, -999, -999, -999, -999, -999, -999, -999, -999, -999, -999, -999,
19840827, 1200, , TS, 11.9N,  143.9E,   50,  999, -999, -999, -999, -999, -999, -999, -999, -999, -999, -999, -999, -999,
19840827, 1800, , TS, 12.5N,  143.3E,   50,  998, -999, -999, -999, -999, -999, -999, -999, -999, -999, -999, -999, -999,
19840828, 0000, , TS, 13.2N,  142.6E,   60,  992, -999, -999, -999, -999, -999, -999, -999, -999, -999, -999, -999, -999,
19840828, 0600, , HU, 13.6N,  141.8E,   70,  985, -999, -999, -999, -999, -999, -999, -999, -999, -999, -999, -999, -999,
19840828, 1200, , HU, 13.2N,  141.2E,   70,  986, -999, -999, -999, -999, -999, -999, -999, -999, -999, -999, -999, -999,
19840828, 1800, , HU, 12.6N,  140.9E,   65,  988, -999, -999, -999, -999, -999, -999, -999, -999, -999, -999, -999, -999,
19840829, 0000, , TS, 12.3N,  140.3E,   60,  990, -999, -999, -999, -999, -999, -999, -999, -999, -999, -999, -999, -999,
19840829, 0600, , TS, 12.2N,  139.6E,   60,  990, -999, -999, -999, -999, -999, -999, -999, -999, -999, -999, -999, -999,
19840829, 1200, , HU, 12.0N,  139.0E,   65,  989, -999, -999, -999, -999, -999, -999, -999, -999, -999, -999, -999, -999,
19840829, 1800, , HU, 11.6N,  138.5E,   70,  985, -999, -999, -999, -999, -999, -999, -999, -999, -999, -999, -999, -999,
19840830, 0000, , HU, 11.0N,  137.9E,   75,  981, -999, -999, -999, -999, -999, -999, -999, -999, -999, -999, -999, -999,
19840830, 0600, , HU, 10.6N,  137.1E,   80,  977, -999, -999, -999, -999, -999, -999, -999, -999, -999, -999, -999, -999,
19840830, 1200, , HU, 10.4N,  136.3E,   85,  974, -999, -999, -999, -999, -999, -999, -999, -999, -999, -999, -999, -999,
19840830, 1800, , HU, 10.3N,  135.4E,   85,  973, -999, -999, -999, -999, -999, -999, -999, -999, -999, -999, -999, -999,
19840831, 0000, , HU, 10.1N,  134.4E,   90,  969, -999, -999, -999, -999, -999, -999, -999, -999, -999, -999, -999, -999,
19840831, 0600, , HU, 10.0N,  133.3E,   95,  964, -999, -999, -999, -999, -999, -999, -999, -999, -999, -999, -999, -999,
19840831, 1200, , HU,  9.9N,  132.1E,  100,  960, -999, -999, -999, -999, -999, -999, -999, -999, -999, -999, -999, -999,
19840831, 1800, , HU,  9.6N,  130.7E,  105,  957, -999, -999, -999, -999, -999, -999, -999, -999, -999, -999, -999, -999,
19840901, 0000, , HU,  9.6N,  129.5E,  110,  953, -999, -999, -999, -999, -999, -999, -999, -999, -999, -999, -999, -999,
19840901, 0600, , HU,  9.4N,  128.1E,  120,  947, -999, -999, -999, -999, -999, -999, -999, -999, -999, -999, -999, -999,
19840901, 1200, , HU,  9.4N,  126.8E,  120,  949, -999, -999, -999, -999, -999, -999, -999, -999, -999, -999, -999, -999,
19840901, 1800, , HU,  9.8N,  125.6E,  115,  951, -999, -999, -999, -999, -999, -999, -999, -999, -999, -999, -999, -999,
19840902, 0000, , HU,  9.9N,  124.1E,   95,  967, -999, -999, -999, -999, -999, -999, -999, -999, -999, -999, -999, -999,
19840902, 0600, , HU, 10.3N,  123.0E,   75,  980, -999, -999, -999, -999, -999, -999, -999, -999, -999, -999, -999, -999,
19840902, 1200, , HU, 10.8N,  122.0E,   65,  986, -999, -999, -999, -999, -999, -999, -999, -999, -999, -999, -999, -999,
19840902, 1800, , TS, 11.3N,  121.2E,   60,  989, -999, -999, -999, -999, -999, -999, -999, -999, -999, -999, -999, -999,
19840903, 0000, , TS, 12.2N,  120.3E,   55,  992, -999, -999, -999, -999, -999, -999, -999, -999, -999, -999, -999, -999,
19840903, 0600, , TS, 12.9N,  119.4E,   60,  990, -999, -999, -999, -999, -999, -999, -999, -999, -999, -999, -999, -999,
19840903, 1200, , HU, 13.8N,  118.4E,   65,  989, -999, -999, -999, -999, -999, -999, -999, -999, -999, -999, -999, -999,
19840903, 1800, , HU, 14.5N,  117.4E,   75,  984, -999, -999, -999, -999, -999, -999, -999, -999, -999, -999, -999, -999,
19840904, 0000, , HU, 15.2N,  116.4E,   85,  979, -999, -999, -999, -999, -999, -999, -999, -999, -999, -999, -999, -999,
19840904, 0600, , HU, 15.9N,  115.4E,   95,  967, -999, -999, -999, -999, -999, -999, -999, -999, -999, -999, -999, -999,
19840904, 1200, , HU, 16.7N,  114.3E,  105,  960, -999, -999, -999, -999, -999, -999, -999, -999, -999, -999, -999, -999,
19840904, 1800, , HU, 17.5N,  113.2E,  120,  948, -999, -999, -999, -999, -999, -999, -999, -999, -999, -999, -999, -999,
19840905, 0000, , HU, 18.3N,  112.2E,  110,  956, -999, -999, -999, -999, -999, -999, -999, -999, -999, -999, -999, -999,
19840905, 0600, , HU, 19.2N,  111.2E,   95,  968, -999, -999, -999, -999, -999, -999, -999, -999, -999, -999, -999, -999,
19840905, 1200, , HU, 20.1N,  110.4E,   80,  980, -999, -999, -999, -999, -999, -999, -999, -999, -999, -999, -999, -999,
19840905, 1800, , HU, 20.8N,  109.4E,   70,  986, -999, -999, -999, -999, -999, -999, -999, -999, -999, -999, -999, -999,
19840906, 0000, , HU, 21.6N,  108.9E,   65,  991, -999, -999, -999, -999, -999, -999, -999, -999, -999, -999, -999, -999,
19840906, 0600, , TS, 22.5N,  108.0E,   50,  996, -999, -999, -999, -999, -999, -999, -999, -999, -999, -999, -999, -999,
19840906, 1200, , TD, 22.9N,  107.2E,   30, 1000, -999, -999, -999, -999, -999, -999, -999, -999, -999, -999, -999, -999,
19840906, 1800, , DB, 23.5N,  106.6E,   30, 1000, -999, -999, -999, -999, -999, -999, -999, -999, -999, -999, -999, -999,
WPXX1984,             BREAKER,     XX,
19840827, 1200, , DB, 17.5N,  128.3E,   30,  997, -999, -999, -999, -999, -999, -999, -999, -999, -999, -999, -999, -999,
19840827, 1800, , TS, 17.7N,  126.8E,   35,  994, -999, -999, -999, -999, -999, -999, -999, -999, -999, -999, -999, -999,
19840828, 0000, , TS, 17.7N,  125.3E,   40,  990, -999, -999, -999, -999, -999, -999, -999, -999, -999, -999, -999, -999,
19840828, 0600, , TS, 17.9N,  124.2E,   45,  986, -999, -999, -999, -999, -999, -999, -999, -999, -999, -999, -999, -999,
19840828, 1200, , TS, 17.9N,  122.9E,   45,  985, -999, -999, -999, -999, -999, -999, -999, -999, -999, -999, -999, -999,
19840828, 1800, , TS, 18.2N,  121.6E,   45,  986, -999, -999, -999, -999, -999, -999, -999, -999, -999, -999, -999, -999,
19840829, 0000, , TS, 18.6N,  120.6E,   45,  987, -999, -999, -999, -999, -999, -999, -999, -999, -999, -999, -999, -999,
19840829, 0600, , TS, 18.7N,  119.6E,   45,  986, -999, -999, -999, -999, -999, -999, -999, -999, -999, -999, -999, -999,
19840829, 1200, , TS, 18.9N,  119.0E,   45,  985, -999, -999, -999, -999, -999, -999, -999, -999, -999, -999, -999, -999,
19840829, 1800, , TS, 19.6N,  118.7E,   50,  983, -999, -999, -999, -999, -999, -999, -999, -999, -999, -999, -999, -999,
19840830, 0000, , TS, 20.4N,  118.4E,   50,  982, -999, -999, -999, -999, -999, -999, -999, -999, -999, -999, -999, -999,
19840830, 0600, , TS, 21.1N,  117.4E,   55,  980, -999, -999, -999, -999, -999, -999, -999, -999, -999, -999, -999, -999,
19840830, 1200, , TS, 21.9N,  116.6E,   55,  981, -999, -999, -999, -999, -999, -999, -999, -999, -999, -999, -999, -999,
19840830, 1800, , TS, 23.1N,  116.4E,   50,  984, -999, -999, -999, -999, -999, -999, -999, -999, -999, -999, -999, -999,
19840831, 0000, , TS, 24.1N,  116.0E,   40,  989, -999, -999, -999, -999, -999, -999, -999, -999, -999, -999, -999, -999,
19840831, 0600, , TD, 24.2N,  115.2E,   30,  993, -999, -999, -999, -999, -999, -999, -999, -999, -999, -999, -999, -999,
19840831, 1200, , TD, 24.6N,  114.5E,   25,  997, -999, -999, -999, -999, -999, -999, -999, -999, -999, -999, -999, -999,
19840831, 1800, , DB, 25.1N,  114.8E,   25,  999, -999, -999, -999, -999, -999, -999, -999, -999, -999, -999, -999, -999,
WPXX1984,             BREAKER,     XX,
19840913, 0000, , DB, 22.4N,  171.5E,   25, 1004, -999, -999, -999, -999, -999, -999, -999, -999, -999, -999, -999, -999,
19840913, 0600, , TD, 21.9N,  170.8E,   30, 1000, -999, -999, -999, -999, -999, -999, -999, -999, -999, -999, -999, -999,
19840913, 1200, , TS, 20.8N,  171.0E,   35,  996, -999, -999, -999, -999, -999, -999, -999, -999, -999, -999, -999, -999,
19840913, 1800, , TS, 20.6N,  171.8E,   40,  992, -999, -999, -999, -999, -999, -999, -999, -999, -999, -999, -999, -999,
19840914, 0000, , TS, 21.2N,  172.1E,   45,  989, -999, -999, -999, -999, -999, -999, -999, -999, -999, -999, -999, -999,
19840914, 0600, , TS, 22.0N,  172.0E,   45,  988, -999, -999, -999, -999, -999, -999, -999, -999, -999, -999, -999, -999,
19840914, 1200, , TS, 22.9N,  172.0E,   45,  988, -999, -999, -999, -999, -999, -999, -999, -999, -999, -999, -999, -999,
19840914, 1800, , TS, 23.9N,  172.0E,   50,  987, -999, -999, -999, -999, -999, -999, -999, -999, -999, -999, -999, -999,
19840915, 0000, , TS, 25.1N,  171.7E,   55,  982, -999, -999, -999, -999, -999, -999, -999, -999, -999, -999, -999, -999,
19840915, 0600, , TS, 26.4N,  171.4E,   60,  978, -999, -999, -999, -999, -999, -999, -999, -999, -999, -999, -999, -999,
19840915, 1200, , HU, 27.8N,  171.1E,   65,  974, -999, -999, -999, -999, -999, -999, -999, -999, -999, -999, -999, -999,
19840915, 1800, , HU, 29.1N,  170.2E,   70,  970, -999, -999, -999, -999, -999, -999, -999, -999, -999, -999, -999, -999,
19840916, 0000, , HU, 30.2N,  168.7E,   70,  969, -999, -999, -999, -999, -999, -999, -999, -999, -999, -999, -999, -999,
19840916, 0600, , HU, 31.0N,  167.3E,   70,  969, -999, -999, -999, -999, -999, -999, -999, -999, -999, -999, -999, -999,
19840916, 1200, , HU, 31.4N,  166.3E,   70,  968, -999, -999, -999, -999, -999, -999, -999, -999, -999, -999, -999, -999,
19840916, 1800, , HU, 31.7N,  165.7E,   75,  965, -999, -999, -999, -999, -999, -999, -999, -999, -999, -999, -999, -999,
19840917, 0000, , HU, 32.2N,  165.3E,   70,  969, -999, -999, -999, -999, -999, -999, -999, -999, -999, -999, -999, -999,
19840917, 0600, , HU, 33.0N,  166.0E,   65,  972, -999, -999, -999, -999, -999, -999, -999, -999, -999, -999, -999, -999,
19840917, 1200, , TS, 33.6N,  167.0E,   55,  980, -999, -999, -999, -999, -999, -999, -999, -999, -999, -999, -999, -999,
19840917, 1800, , TS, 34.4N,  168.1E,   45,  988, -999, -999, -999, -999, -999, -999, -999, -999, -999, -999, -999, -999,
19840918, 0000, , TS, 35.6N,  169.2E,   40,  992, -999, -999, -999, -999, -999, -999, -999, -999, -999, -999, -999, -999,
19840918, 0600, , EX, 37.2N,  171.1E,   40,  993, -999, -999, -999, -999, -999, -999, -999, -999, -999, -999, -999, -999,
WPXX1984,             BREAKER,     XX,
19840923, 0600, , DB, 18.3N,  118.6E,   25, 1003, -999, -999, -999, -999, -999, -999, -999, -999, -999, -999, -999, -999,
19840923, 1200, , DB, 18.4N,  117.9E,   25, 1003, -999, -999, -999, -999, -999, -999, -999, -999, -999, -999, -999, -999,
19840923, 1800, , TD, 18.5N,  116.5E,   25, 1003, -999, -999, -999, -999, -999, -999, -999, -999, -999, -999, -999, -999,
19840924, 0000, , TD, 18.6N,  115.7E,   25, 1003, -999, -999, -999, -999, -999, -999, -999, -999, -999, -999, -999, -999,
19840924, 0600, , TD, 18.5N,  115.2E,   30, 1000, -999, -999, -999, -999, -999, -999, -999, -999, -999, -999, -999, -999,
19840924, 1200, , TD, 18.4N,  114.6E,   30,  999, -999, -999, -999, -999, -999, -999, -999, -999, -999, -999, -999, -999,
19840924, 1800, , TS, 18.2N,  114.1E,   35,  997, -999, -999, -999, -999, -999, -999, -999, -999, -999, -999, -999, -999,
19840925, 0000, , TS, 18.0N,  113.5E,   40,  994, -999, -999, -999, -999, -999, -999, -999, -999, -999, -999, -999, -999,
19840925, 0600, , TS, 17.6N,  112.8E,   35,  997, -999, -999, -999, -999, -999, -999, -999, -999, -999, -999, -999, -999,
19840925, 1200, , TD, 17.2N,  112.1E,   30, 1000, -999, -999, -999, -999, -999, -999, -999, -999, -999, -999, -999, -999,
19840925, 1800, , TD, 17.0N,  111.5E,   30, 1001, -999, -999, -999, -999, -999, -999, -999, -999, -999, -999, -999, -999,
19840926, 0000, , TD, 16.4N,  111.0E,   25, 1002, -999, -999, -999, -999, -999, -999, -999, -999, -999, -999, -999, -999,
19840926, 0600, , TD, 15.8N,  110.7E,   25, 1002, -999, -999, -999, -999, -999, -999, -999, -999, -999, -999, -999, -999,
19840926, 1200, , TD, 15.6N,  110.4E,   30, 1000, -999, -999, -999, -999, -999, -999, -999, -999, -999, -999, -999, -999,
19840926, 1800, , TD, 15.4N,  109.9E,   30, 1001, -999, -999, -999, -999, -999, -999, -999, -999, -999, -999, -999, -999,
19840927, 0000, , TD, 15.4N,  109.4E,   25, 1002, -999, -999, -999, -999, -999, -999, -999, -999, -999, -999, -999, -999,
19840927, 0600, , TD, 15.5N,  108.6E,   25, 1002, -999, -999, -999, -999, -999, -999, -999, -999, -999, -999, -999, -999,
19840927, 1200, , DB, 15.7N,  108.0E,   20, 1003, -999, -999, -999, -999, -999, -999, -999, -999, -999, -999, -999, -999,
19840927, 1800, , DB, 16.1N,  107.4E,   20, 1003, -999, -999, -999, -999, -999, -999, -999, -999, -999, -999, -999, -999,
WPXX1984,             BREAKER,     XX,
19840926, 1800, , DB, 24.8N,  152.5E,   25, 1007, -999, -999, -999, -999, -999, -999, -999, -999, -999, -999, -999, -999,
19840927, 0000, , TD, 24.7N,  152.4E,   30, 1004, -999, -999, -999, -999, -999, -999, -999, -999, -999, -999, -999, -999,
19840927, 1200, , TS, 24.6N,  152.3E,   35, 1001, -999, -999, -999, -999, -999, -999, -999, -999, -999, -999, -999, -999,
19840927, 1800, , TS, 24.4N,  152.2E,   45,  995, -999, -999, -999, -999, -999, -999, -999, -999, -999, -999, -999, -999,
19840928, 0000, , TS, 24.3N,  152.0E,   55,  989, -999, -999, -999, -999, -999, -999, -999, -999, -999, -999, -999, -999,
19840928, 0600, , TS, 24.2N,  151.8E,   50,  992, -999, -999, -999, -999, -999, -999, -999, -999, -999, -999, -999, -999,
19840928, 1200, , TS, 24.1N,  151.6E,   50,  993, -999, -999, -999, -999, -999, -999, -999, -999, -999, -999, -999, -999,
19840928, 1800, , TS, 24.1N,  151.3E,   50,  994, -999, -999, -999, -999, -999, -999, -999, -999, -999, -999, -999, -999,
19840929, 0000, , TS, 24.3N,  150.8E,   50,  995, -999, -999, -999, -999, -999, -999, -999, -999, -999, -999, -999, -999,
19840929, 0600, , TS, 24.7N,  150.2E,   50,  995, -999, -999, -999, -999, -999, -999, -999, -999, -999, -999, -999, -999,
19840929, 1200, , TS, 25.4N,  149.9E,   45,  996, -999, -999, -999, -999, -999, -999, -999, -999, -999, -999, -999, -999,
19840929, 1800, , TS, 26.6N,  149.7E,   45,  996, -999, -999, -999, -999, -999, -999, -999, -999, -999, -999, -999, -999,
19840930, 0000, , TS, 28.2N,  149.4E,   45,  997, -999, -999, -999, -999, -999, -999, -999, -999, -999, -999, -999, -999,
19840930, 0600, , TS, 30.4N,  149.2E,   45,  996, -999, -999, -999, -999, -999, -999, -999, -999, -999, -999, -999, -999,
19840930, 1200, , TS, 33.0N,  149.1E,   45,  995, -999, -999, -999, -999, -999, -999, -999, -999, -999, -999, -999, -999,
19840930, 1800, , TS, 34.9N,  150.2E,   45,  996, -999, -999, -999, -999, -999, -999, -999, -999, -999, -999, -999, -999,
19841001, 0000, , DB, 36.0N,  151.6E,   40,  999, -999, -999, -999, -999, -999, -999, -999, -999, -999, -999, -999, -999,
WPXX1984,             BREAKER,     XX,
19840927, 1200, , DB, 22.3N,  141.3E,   25, 1006, -999, -999, -999, -999, -999, -999, -999, -999, -999, -999, -999, -999,
19840927, 1800, , TD, 23.2N,  141.1E,   30, 1003, -999, -999, -999, -999, -999, -999, -999, -999, -999, -999, -999, -999,
19840928, 0000, , TS, 23.8N,  140.9E,   35,  999, -999, -999, -999, -999, -999, -999, -999, -999, -999, -999, -999, -999,
19840928, 0600, , TS, 24.2N,  140.8E,   40,  995, -999, -999, -999, -999, -999, -999, -999, -999, -999, -999, -999, -999,
19840928, 1200, , TS, 24.6N,  140.7E,   45,  992, -999, -999, -999, -999, -999, -999, -999, -999, -999, -999, -999, -999,
19840928, 1800, , TS, 25.0N,  140.7E,   45,  991, -999, -999, -999, -999, -999, -999, -999, -999, -999, -999, -999, -999,
19840929, 0000, , TS, 25.5N,  140.6E,   40,  992, -999, -999, -999, -999, -999, -999, -999, -999, -999, -999, -999, -999,
19840929, 0600, , TS, 26.0N,  140.7E,   40,  992, -999, -999, -999, -999, -999, -999, -999, -999, -999, -999, -999, -999,
19840929, 1200, , TS, 26.5N,  140.8E,   40,  993, -999, -999, -999, -999, -999, -999, -999, -999, -999, -999, -999, -999,
19840929, 1800, , TS, 27.0N,  141.0E,   40,  994, -999, -999, -999, -999, -999, -999, -999, -999, -999, -999, -999, -999,
19840930, 0000, , TS, 27.6N,  141.6E,   40,  996, -999, -999, -999, -999, -999, -999, -999, -999, -999, -999, -999, -999,
19840930, 0600, , TS, 28.5N,  142.8E,   40,  995, -999, -999, -999, -999, -999, -999, -999, -999, -999, -999, -999, -999,
19840930, 1200, , TS, 29.6N,  144.5E,   45,  994, -999, -999, -999, -999, -999, -999, -999, -999, -999, -999, -999, -999,
19840930, 1800, , TS, 31.1N,  147.0E,   50,  991, -999, -999, -999, -999, -999, -999, -999, -999, -999, -999, -999, -999,
19841001, 0000, , TS, 32.5N,  149.8E,   55,  987, -999, -999, -999, -999, -999, -999, -999, -999, -999, -999, -999, -999,
19841001, 0600, , EX, 33.9N,  152.8E,   55,  988, -999, -999, -999, -999, -999, -999, -999, -999, -999, -999, -999, -999,
19841001, 1200, , EX, 35.1N,  156.0E,   50,  989, -999, -999, -999, -999, -999, -999, -999, -999, -999, -999, -999, -999,
WPXX1984,             BREAKER,     XX,
19841006, 0600, , DB, 16.0N,  152.5E,   25, 1004, -999, -999, -999, -999, -999, -999, -999, -999, -999, -999, -999, -999,
19841006, 1200, , DB, 16.8N,  152.5E,   25, 1003, -999, -999, -999, -999, -999, -999, -999, -999, -999, -999, -999, -999,
19841006, 1800, , TD, 17.5N,  152.4E,   30, 1001, -999, -999, -999, -999, -999, -999, -999, -999, -999, -999, -999, -999,
19841007, 0000, , TS, 18.1N,  152.3E,   35,  998, -999, -999, -999, -999, -999, -999, -999, -999, -999, -999, -999, -999,
19841007, 0600, , TS, 19.1N,  152.1E,   35,  999, -999, -999, -999, -999, -999, -999, -999, -999, -999, -999, -999, -999,
19841007, 1200, , TS, 20.4N,  152.2E,   35,  998, -999, -999, -999, -999, -999, -999, -999, -999, -999, -999, -999, -999,
19841007, 1800, , TS, 21.9N,  152.7E,   40,  996, -999, -999, -999, -999, -999, -999, -999, -999, -999, -999, -999, -999,
19841008, 0000, , TS, 23.8N,  153.7E,   45,  993, -999, -999, -999, -999, -999, -999, -999, -999, -999, -999, -999, -999,
19841008, 0600, , TS, 25.4N,  154.6E,   50,  989, -999, -999, -999, -999, -999, -999, -999, -999, -999, -999, -999, -999,
19841008, 1200, , TS, 26.5N,  155.5E,   55,  985, -999, -999, -999, -999, -999, -999, -999, -999, -999, -999, -999, -999,
19841008, 1800, , TS, 27.8N,  156.6E,   55,  984, -999, -999, -999, -999, -999, -999, -999, -999, -999, -999, -999, -999,
19841009, 0000, , TS, 29.4N,  158.1E,   60,  980, -999, -999, -999, -999, -999, -999, -999, -999, -999, -999, -999, -999,
19841009, 0600, , HU, 30.9N,  160.3E,   65,  976, -999, -999, -999, -999, -999, -999, -999, -999, -999, -999, -999, -999,
19841009, 1200, , TS, 32.4N,  162.8E,   60,  979, -999, -999, -999, -999, -999, -999, -999, -999, -999, -999, -999, -999,
19841009, 1800, , TS, 33.9N,  165.5E,   60,  980, -999, -999, -999, -999, -999, -999, -999, -999, -999, -999, -999, -999,
19841010, 0000, , TS, 35.5N,  169.6E,   55,  983, -999, -999, -999, -999, -999, -999, -999, -999, -999, -999, -999, -999,
19841010, 0600, , TS, 37.6N,  174.6E,   55,  984, -999, -999, -999, -999, -999, -999, -999, -999, -999, -999, -999, -999,
19841010, 1200, , EX, 39.1N,  179.1E,   55,  983, -999, -999, -999, -999, -999, -999, -999, -999, -999, -999, -999, -999,
WPXX1984,             BREAKER,     XX,
19841009, 1200, , DB, 18.4N,  151.3E,   20, 1007, -999, -999, -999, -999, -999, -999, -999, -999, -999, -999, -999, -999,
19841009, 1800, , DB, 18.7N,  151.6E,   25, 1006, -999, -999, -999, -999, -999, -999, -999, -999, -999, -999, -999, -999,
19841010, 0000, , DB, 19.1N,  151.9E,   25, 1005, -999, -999, -999, -999, -999, -999, -999, -999, -999, -999, -999, -999,
19841010, 0600, , TD, 19.2N,  152.1E,   30, 1003, -999, -999, -999, -999, -999, -999, -999, -999, -999, -999, -999, -999,
19841010, 1200, , TS, 19.4N,  152.2E,   35, 1000, -999, -999, -999, -999, -999, -999, -999, -999, -999, -999, -999, -999,
19841010, 1800, , TS, 19.6N,  152.3E,   40,  997, -999, -999, -999, -999, -999, -999, -999, -999, -999, -999, -999, -999,
19841011, 0000, , TS, 19.7N,  152.4E,   45,  994, -999, -999, -999, -999, -999, -999, -999, -999, -999, -999, -999, -999,
19841011, 0600, , TS, 20.1N,  152.4E,   55,  988, -999, -999, -999, -999, -999, -999, -999, -999, -999, -999, -999, -999,
19841011, 1200, , TS, 20.7N,  152.1E,   60,  986, -999, -999, -999, -999, -999, -999, -999, -999, -999, -999, -999, -999,
19841011, 1800, , TS, 21.4N,  151.7E,   60,  985, -999, -999, -999, -999, -999, -999, -999, -999, -999, -999, -999, -999,
19841012, 0000, , HU, 22.1N,  151.3E,   65,  982, -999, -999, -999, -999, -999, -999, -999, -999, -999, -999, -999, -999,
19841012, 0600, , HU, 22.9N,  151.2E,   70,  978, -999, -999, -999, -999, -999, -999, -999, -999, -999, -999, -999, -999,
19841012, 1200, , HU, 23.9N,  151.2E,   75,  974, -999, -999, -999, -999, -999, -999, -999, -999, -999, -999, -999, -999,
19841012, 1800, , HU, 24.8N,  151.3E,   70,  978, -999, -999, -999, -999, -999, -999, -999, -999, -999, -999, -999, -999,
19841013, 0000, , TS, 26.0N,  151.4E,   55,  989, -999, -999, -999, -999, -999, -999, -999, -999, -999, -999, -999, -999,
19841013, 0600, , TS, 27.7N,  151.5E,   45,  995, -999, -999, -999, -999, -999, -999, -999, -999, -999, -999, -999, -999,
19841013, 1200, , TS, 29.5N,  151.5E,   40,  997, -999, -999, -999, -999, -999, -999, -999, -999, -999, -999, -999, -999,
19841013, 1800, , TS, 31.6N,  151.7E,   40,  998, -999, -999, -999, -999, -999, -999, -999, -999, -999, -999, -999, -999,
19841014, 0000, , DB, 33.8N,  152.6E,   35,  999, -999, -999, -999, -999, -999, -999, -999, -999, -999, -999, -999, -999,
WPXX1984,             BREAKER,     XX,
19841009, 1800, , DB,  9.3N,  140.1E,   20, 1004, -999, -999, -999, -999, -999, -999, -999, -999, -999, -999, -999, -999,
19841010, 0000, , DB,  9.8N,  141.0E,   20, 1004, -999, -999, -999, -999, -999, -999, -999, -999, -999, -999, -999, -999,
19841010, 0600, , TD, 10.4N,  141.8E,   25, 1002, -999, -999, -999, -999, -999, -999, -999, -999, -999, -999, -999, -999,
19841010, 1200, , TD, 11.0N,  142.4E,   25, 1003, -999, -999, -999, -999, -999, -999, -999, -999, -999, -999, -999, -999,
19841010, 1800, , TD, 11.8N,  143.0E,   25, 1002, -999, -999, -999, -999, -999, -999, -999, -999, -999, -999, -999, -999,
19841011, 0000, , TD, 12.7N,  143.2E,   30, 1000, -999, -999, -999, -999, -999, -999, -999, -999, -999, -999, -999, -999,
19841011, 0600, , TS, 13.6N,  143.2E,   35,  998, -999, -999, -999, -999, -999, -999, -999, -999, -999, -999, -999, -999,
19841011, 1200, , TS, 14.2N,  143.2E,   40,  997, -999, -999, -999, -999, -999, -999, -999, -999, -999, -999, -999, -999,
19841011, 1800, , TS, 14.8N,  143.2E,   35,  998, -999, -999, -999, -999, -999, -999, -999, -999, -999, -999, -999, -999,
19841012, 0000, , TS, 15.2N,  143.3E,   35,  999, -999, -999, -999, -999, -999, -999, -999, -999, -999, -999, -999, -999,
19841012, 0600, , TS, 16.2N,  143.5E,   40,  996, -999, -999, -999, -999, -999, -999, -999, -999, -999, -999, -999, -999,
19841012, 1200, , TS, 17.3N,  143.8E,   35,  998, -999, -999, -999, -999, -999, -999, -999, -999, -999, -999, -999, -999,
19841012, 1800, , TD, 18.8N,  144.1E,   30,  999, -999, -999, -999, -999, -999, -999, -999, -999, -999, -999, -999, -999,
19841013, 0000, , TD, 20.0N,  144.6E,   25, 1001, -999, -999, -999, -999, -999, -999, -999, -999, -999, -999, -999, -999,
19841013, 0600, , DB, 21.0N,  145.1E,   25, 1002, -999, -999, -999, -999, -999, -999, -999, -999, -999, -999, -999, -999,
WPXX1984,             BREAKER,     XX,
19841011, 0600, , DB, 11.5N,  116.2E,   25, 1009, -999, -999, -999, -999, -999, -999, -999, -999, -999, -999, -999, -999,
19841011, 1200, , TD, 11.4N,  114.6E,   30, 1007, -999, -999, -999, -999, -999, -999, -999, -999, -999, -999, -999, -999,
19841011, 1800, , TD, 11.9N,  113.0E,   35, 1004, -999, -999, -999, -999, -999, -999, -999, -999, -999, -999, -999, -999,
19841012, 0000, , TS, 12.1N,  111.6E,   45,  998, -999, -999, -999, -999, -999, -999, -999, -999, -999, -999, -999, -999,
19841012, 0300, , TS, 12.3N,  110.8E,   50,  995, -999, -999, -999, -999, -999, -999, -999, -999, -999, -999, -999, -999,
19841012, 0600, , TS, 12.5N,  110.1E,   50,  996, -999, -999, -999, -999, -999, -999, -999, -999, -999, -999, -999, -999,
19841012, 1200, , TS, 12.5N,  108.6E,   40, 1002, -999, -999, -999, -999, -999, -999, -999, -999, -999, -999, -999, -999,
19841012, 1800, , TD, 13.0N,  107.5E,   30, 1006, -999, -999, -999, -999, -999, -999, -999, -999, -999, -999, -999, -999,
19841013, 0000, , DB, 13.2N,  107.0E,   25, 1009, -999, -999, -999, -999, -999, -999, -999, -999, -999, -999, -999, -999,
WPXX1984,             BREAKER,     XX,
19841016, 1800, , DB,  7.6N,  150.2E,   20, 1002, -999, -999, -999, -999, -999, -999, -999, -999, -999, -999, -999, -999,
19841017, 0000, , DB,  8.2N,  149.4E,   25,  999, -999, -999, -999, -999, -999, -999, -999, -999, -999, -999, -999, -999,
19841017, 0600, , TD,  8.7N,  148.6E,   25,  998, -999, -999, -999, -999, -999, -999, -999, -999, -999, -999, -999, -999,
19841017, 1200, , TD,  9.3N,  147.7E,   25,  999, -999, -999, -999, -999, -999, -999, -999, -999, -999, -999, -999, -999,
19841017, 1800, , TD,  9.8N,  146.9E,   20, 1002, -999, -999, -999, -999, -999, -999, -999, -999, -999, -999, -999, -999,
19841018, 0000, , DB, 10.3N,  146.8E,   15, 1005, -999, -999, -999, -999, -999, -999, -999, -999, -999, -999, -999, -999,
WPXX1984,             BREAKER,     XX,
19841018, 0600, , DB,  8.7N,  150.1E,   25, 1006, -999, -999, -999, -999, -999, -999, -999, -999, -999, -999, -999, -999,
19841018, 1200, , DB,  9.7N,  149.6E,   30, 1002, -999, -999, -999, -999, -999, -999, -999, -999, -999, -999, -999, -999,
19841018, 1800, , TS, 10.8N,  149.1E,   35,  998, -999, -999, -999, -999, -999, -999, -999, -999, -999, -999, -999, -999,
19841019, 0000, , TS, 11.9N,  148.5E,   40,  994, -999, -999, -999, -999, -999, -999, -999, -999, -999, -999, -999, -999,
19841019, 0600, , TS, 13.1N,  147.9E,   40,  993, -999, -999, -999, -999, -999, -999, -999, -999, -999, -999, -999, -999,
19841019, 1200, , TS, 14.3N,  147.4E,   50,  987, -999, -999, -999, -999, -999, -999, -999, -999, -999, -999, -999, -999,
19841019, 1800, , TS, 15.5N,  146.7E,   60,  981, -999, -999, -999, -999, -999, -999, -999, -999, -999, -999, -999, -999,
19841020, 0000, , TS, 16.7N,  146.1E,   65,  978, -999, -999, -999, -999, -999, -999, -999, -999, -999, -999, -999, -999,
19841020, 0600, , HU, 17.8N,  145.6E,   75,  971, -999, -999, -999, -999, -999, -999, -999, -999, -999, -999, -999, -999,
19841020, 1200, , HU, 19.0N,  145.0E,   90,  961, -999, -999, -999, -999, -999, -999, -999, -999, -999, -999, -999, -999,
19841020, 1800, , HU, 20.3N,  144.3E,   95,  957, -999, -999, -999, -999, -999, -999, -999, -999, -999, -999, -999, -999,
19841021, 0000, , HU, 21.6N,  143.9E,  105,  948, -999, -999, -999, -999, -999, -999, -999, -999, -999, -999, -999, -999,
19841021, 0600, , HU, 22.7N,  143.7E,  115,  940, -999, -999, -999, -999, -999, -999, -999, -999, -999, -999, -999, -999,
19841021, 1200, , HU, 23.7N,  143.7E,  120,  936, -999, -999, -999, -999, -999, -999, -999, -999, -999, -999, -999, -999,
19841021, 1800, , HU, 24.9N,  144.1E,  125,  934, -999, -999, -999, -999, -999, -999, -999, -999, -999, -999, -999, -999,
19841022, 0000, , HU, 26.1N,  145.2E,  130,  929, -999, -999, -999, -999, -999, -999, -999, -999, -999, -999, -999, -999,
19841022, 0300, , HU, 26.7N,  146.1E,  135,  923, -999, -999, -999, -999, -999, -999, -999, -999, -999, -999, -999, -999,
19841022, 0600, , HU, 27.3N,  146.9E,  135,  925, -999, -999, -999, -999, -999, -999, -999, -999, -999, -999, -999, -999,
19841022, 1200, , HU, 28.6N,  149.0E,  105,  949, -999, -999, -999, -999, -999, -999, -999, -999, -999, -999, -999, -999,
19841022, 1800, , HU, 30.1N,  151.1E,   80,  967, -999, -999, -999, -999, -999, -999, -999, -999, -999, -999, -999, -999,
19841023, 0000, , HU, 31.7N,  153.2E,   65,  979, -999, -999, -999, -999, -999, -999, -999, -999, -999, -999, -999, -999,
19841023, 0600, , TS, 33.4N,  155.7E,   55,  985, -999, -999, -999, -999, -999, -999, -999, -999, -999, -999, -999, -999,
19841023, 1200, , TS, 34.6N,  158.5E,   50,  988, -999, -999, -999, -999, -999, -999, -999, -999, -999, -999, -999, -999,
19841023, 1800, , EX, 35.3N,  162.0E,   45,  991, -999, -999, -999, -999, -999, -999, -999, -999, -999, -999, -999, -999,
WPXX1984,             BREAKER,     XX,
19841022, 0000, , DB,  7.5N,  159.2E,   25, 1007, -999, -999, -999, -999, -999, -999, -999, -999, -999, -999, -999, -999,
19841022, 0600, , DB,  8.1N,  157.8E,   25, 1006, -999, -999, -999, -999, -999, -999, -999, -999, -999, -999, -999, -999,
19841022, 1200, , TD,  8.6N,  156.4E,   30, 1005, -999, -999, -999, -999, -999, -999, -999, -999, -999, -999, -999, -999,
19841022, 1800, , TS,  9.1N,  154.9E,   35, 1002, -999, -999, -999, -999, -999, -999, -999, -999, -999, -999, -999, -999,
19841023, 0000, , TS,  9.4N,  153.4E,   40,  999, -999, -999, -999, -999, -999, -999, -999, -999, -999, -999, -999, -999,
19841023, 0600, , TS,  9.8N,  152.0E,   45,  996, -999, -999, -999, -999, -999, -999, -999, -999, -999, -999, -999, -999,
19841023, 1200, , TS, 10.1N,  150.5E,   55,  991, -999, -999, -999, -999, -999, -999, -999, -999, -999, -999, -999, -999,
19841023, 1800, , HU, 10.4N,  149.0E,   65,  985, -999, -999, -999, -999, -999, -999, -999, -999, -999, -999, -999, -999,
19841024, 0000, , HU, 10.8N,  147.4E,   65,  984, -999, -999, -999, -999, -999, -999, -999, -999, -999, -999, -999, -999,
19841024, 0600, , HU, 11.3N,  145.8E,   65,  983, -999, -999, -999, -999, -999, -999, -999, -999, -999, -999, -999, -999,
19841024, 1200, , HU, 11.8N,  144.0E,   75,  977, -999, -999, -999, -999, -999, -999, -999, -999, -999, -999, -999, -999,
19841024, 1800, , HU, 12.3N,  142.2E,   90,  969, -999, -999, -999, -999, -999, -999, -999, -999, -999, -999, -999, -999,
19841025, 0000, , HU, 12.8N,  140.4E,  110,  945, -999, -999, -999, -999, -999, -999, -999, -999, -999, -999, -999, -999,
19841025, 0600, , HU, 13.4N,  138.7E,  120,  934, -999, -999, -999, -999, -999, -999, -999, -999, -999, -999, -999, -999,
19841025, 1200, , HU, 14.1N,  137.1E,  140,  910, -999, -999, -999, -999, -999, -999, -999, -999, -999, -999, -999, -999,
19841025, 1800, , HU, 14.8N,  135.5E,  150,  900, -999, -999, -999, -999, -999, -999, -999, -999, -999, -999, -999, -999,
19841026, 0000, , HU, 15.3N,  134.0E,  160,  890, -999, -999, -999, -999, -999, -999, -999, -999, -999, -999, -999, -999,
19841026, 0600, , HU, 15.7N,  132.7E,  165,  885, -999, -999, -999, -999, -999, -999, -999, -999, -999, -999, -999, -999,
19841026, 0900, , HU, 15.8N,  132.2E,  170,  882, -999, -999, -999, -999, -999, -999, -999, -999, -999, -999, -999, -999,
19841026, 1200, , HU, 16.0N,  131.7E,  170,  879, -999, -999, -999, -999, -999, -999, -999, -999, -999, -999, -999, -999,
19841026, 1800, , HU, 16.5N,  130.9E,  165,  884, -999, -999, -999, -999, -999, -999, -999, -999, -999, -999, -999, -999,
19841027, 0000, , HU, 17.2N,  130.3E,  155,  895, -999, -999, -999, -999, -999, -999, -999, -999, -999, -999, -999, -999,
19841027, 0600, , HU, 17.9N,  129.8E,  150,  900, -999, -999, -999, -999, -999, -999, -999, -999, -999, -999, -999, -999,
19841027, 1200, , HU, 18.8N,  129.4E,  145,  905, -999, -999, -999, -999, -999, -999, -999, -999, -999, -999, -999, -999,
19841027, 1800, , HU, 19.7N,  129.3E,  145,  908, -999, -999, -999, -999, -999, -999, -999, -999, -999, -999, -999, -999,
19841028, 0000, , HU, 20.6N,  129.5E,  140,  912, -999, -999, -999, -999, -999, -999, -999, -999, -999, -999, -999, -999,
19841028, 0600, , HU, 21.4N,  130.1E,  135,  916, -999, -999, -999, -999, -999, -999, -999, -999, -999, -999, -999, -999,
19841028, 1200, , HU, 22.2N,  131.1E,  120,  930, -999, -999, -999, -999, -999, -999, -999, -999, -999, -999, -999, -999,
19841028, 1800, , HU, 22.9N,  132.4E,  125,  926, -999, -999, -999, -999, -999, -999, -999, -999, -999, -999, -999, -999,
19841029, 0000, , HU, 23.5N,  134.1E,  130,  923, -999, -999, -999, -999, -999, -999, -999, -999, -999, -999, -999, -999,
19841029, 0600, , HU, 24.2N,  136.0E,  120,  930, -999, -999, -999, -999, -999, -999, -999, -999, -999, -999, -999, -999,
19841029, 1200, , HU, 25.2N,  138.1E,  110,  940, -999, -999, -999, -999, -999, -999, -999, -999, -999, -999, -999, -999,
19841029, 1800, , HU, 26.5N,  140.3E,   95,  955, -999, -999, -999, -999, -999, -999, -999, -999, -999, -999, -999, -999,
19841030, 0000, , HU, 28.3N,  143.0E,   80,  962, -999, -999, -999, -999, -999, -999, -999, -999, -999, -999, -999, -999,
19841030, 0600, , HU, 30.2N,  146.6E,   70,  968, -999, -999, -999, -999, -999, -999, -999, -999, -999, -999, -999, -999,
19841030, 1200, , EX, 32.8N,  149.1E,   65,  969, -999, -999, -999, -999, -999, -999, -999, -999, -999, -999, -999, -999,
WPXX1984,             BREAKER,     XX,
19841023, 0000, , DB, 11.1N,  116.0E,   25, 1008, -999, -999, -999, -999, -999, -999, -999, -999, -999, -999, -999, -999,
19841023, 0600, , DB, 11.6N,  116.2E,   25, 1007, -999, -999, -999, -999, -999, -999, -999, -999, -999, -999, -999, -999,
19841023, 1200, , TD, 12.0N,  116.3E,   30, 1005, -999, -999, -999, -999, -999, -999, -999, -999, -999, -999, -999, -999,
19841023, 1800, , TS, 12.4N,  116.3E,   35, 1003, -999, -999, -999, -999, -999, -999, -999, -999, -999, -999, -999, -999,
19841024, 0000, , TS, 12.9N,  116.2E,   40, 1000, -999, -999, -999, -999, -999, -999, -999, -999, -999, -999, -999, -999,
19841024, 0600, , TS, 13.6N,  116.1E,   45,  997, -999, -999, -999, -999, -999, -999, -999, -999, -999, -999, -999, -999,
19841024, 1200, , TS, 14.2N,  115.7E,   55,  991, -999, -999, -999, -999, -999, -999, -999, -999, -999, -999, -999, -999,
19841024, 1800, , HU, 14.2N,  115.3E,   65,  985, -999, -999, -999, -999, -999, -999, -999, -999, -999, -999, -999, -999,
19841025, 0000, , HU, 13.8N,  115.6E,   65,  985, -999, -999, -999, -999, -999, -999, -999, -999, -999, -999, -999, -999,
19841025, 0600, , HU, 14.2N,  116.0E,   70,  982, -999, -999, -999, -999, -999, -999, -999, -999, -999, -999, -999, -999,
19841025, 1200, , HU, 14.6N,  115.8E,   70,  983, -999, -999, -999, -999, -999, -999, -999, -999, -999, -999, -999, -999,
19841025, 1800, , HU, 14.6N,  115.2E,   70,  982, -999, -999, -999, -999, -999, -999, -999, -999, -999, -999, -999, -999,
19841026, 0000, , HU, 14.6N,  114.7E,   70,  980, -999, -999, -999, -999, -999, -999, -999, -999, -999, -999, -999, -999,
19841026, 0600, , HU, 14.9N,  114.6E,   70,  981, -999, -999, -999, -999, -999, -999, -999, -999, -999, -999, -999, -999,
19841026, 1200, , HU, 15.1N,  114.6E,   65,  984, -999, -999, -999, -999, -999, -999, -999, -999, -999, -999, -999, -999,
19841026, 1800, , HU, 15.1N,  114.6E,   65,  983, -999, -999, -999, -999, -999, -999, -999, -999, -999, -999, -999, -999,
19841027, 0000, , HU, 15.1N,  114.6E,   70,  980, -999, -999, -999, -999, -999, -999, -999, -999, -999, -999, -999, -999,
19841027, 0600, , HU, 15.3N,  115.0E,   70,  979, -999, -999, -999, -999, -999, -999, -999, -999, -999, -999, -999, -999,
19841027, 1200, , HU, 15.4N,  115.7E,   75,  976, -999, -999, -999, -999, -999, -999, -999, -999, -999, -999, -999, -999,
19841027, 1800, , HU, 15.5N,  116.4E,   75,  977, -999, -999, -999, -999, -999, -999, -999, -999, -999, -999, -999, -999,
19841028, 0000, , HU, 15.5N,  117.1E,   75,  976, -999, -999, -999, -999, -999, -999, -999, -999, -999, -999, -999, -999,
19841028, 0600, , HU, 15.6N,  117.8E,   75,  976, -999, -999, -999, -999, -999, -999, -999, -999, -999, -999, -999, -999,
19841028, 1200, , HU, 15.7N,  118.2E,   70,  978, -999, -999, -999, -999, -999, -999, -999, -999, -999, -999, -999, -999,
19841028, 1800, , HU, 15.5N,  118.4E,   65,  983, -999, -999, -999, -999, -999, -999, -999, -999, -999, -999, -999, -999,
19841029, 0000, , HU, 15.4N,  118.2E,   65,  984, -999, -999, -999, -999, -999, -999, -999, -999, -999, -999, -999, -999,
19841029, 0600, , HU, 15.4N,  117.8E,   65,  983, -999, -999, -999, -999, -999, -999, -999, -999, -999, -999, -999, -999,
19841029, 1200, , HU, 15.4N,  117.4E,   65,  984, -999, -999, -999, -999, -999, -999, -999, -999, -999, -999, -999, -999,
19841029, 1800, , TS, 15.4N,  117.0E,   55,  990, -999, -999, -999, -999, -999, -999, -999, -999, -999, -999, -999, -999,
19841030, 0000, , TS, 15.4N,  116.7E,   45,  992, -999, -999, -999, -999, -999, -999, -999, -999, -999, -999, -999, -999,
19841030, 0600, , TS, 15.4N,  116.3E,   45,  993, -999, -999, -999, -999, -999, -999, -999, -999, -999, -999, -999, -999,
19841030, 1200, , TS, 15.3N,  115.6E,   45,  992, -999, -999, -999, -999, -999, -999, -999, -999, -999, -999, -999, -999,
19841030, 1800, , TS, 15.0N,  114.8E,   45,  993, -999, -999, -999, -999, -999, -999, -999, -999, -999, -999, -999, -999,
19841031, 0000, , TS, 14.8N,  114.1E,   40,  996, -999, -999, -999, -999, -999, -999, -999, -999, -999, -999, -999, -999,
19841031, 0600, , TS, 14.4N,  113.4E,   35,  999, -999, -999, -999, -999, -999, -999, -999, -999, -999, -999, -999, -999,
19841031, 1200, , TD, 14.0N,  112.7E,   30, 1002, -999, -999, -999, -999, -999, -999, -999, -999, -999, -999, -999, -999,
19841031, 1800, , TD, 13.6N,  112.0E,   25, 1004, -999, -999, -999, -999, -999, -999, -999, -999, -999, -999, -999, -999,
19841101, 0000, , TD, 13.6N,  111.4E,   25, 1005, -999, -999, -999, -999, -999, -999, -999, -999, -999, -999, -999, -999,
19841101, 0600, , TD, 13.6N,  110.9E,   30, 1003, -999, -999, -999, -999, -999, -999, -999, -999, -999, -999, -999, -999,
19841101, 1200, , TD, 13.4N,  110.0E,   30, 1002, -999, -999, -999, -999, -999, -999, -999, -999, -999, -999, -999, -999,
19841101, 1800, , TD, 13.3N,  108.6E,   30, 1001, -999, -999, -999, -999, -999, -999, -999, -999, -999, -999, -999, -999,
19841102, 0000, , TD, 13.2N,  107.0E,   30, 1002, -999, -999, -999, -999, -999, -999, -999, -999, -999, -999, -999, -999,
19841102, 0600, , DB, 13.2N,  105.8E,   25, 1004, -999, -999, -999, -999, -999, -999, -999, -999, -999, -999, -999, -999,
WPXX1984,             BREAKER,     XX,
19841030, 1200, , DB,  3.0N,  146.1E,   25, 1007, -999, -999, -999, -999, -999, -999, -999, -999, -999, -999, -999, -999,
19841030, 1800, , DB,  3.3N,  145.8E,   25, 1006, -999, -999, -999, -999, -999, -999, -999, -999, -999, -999, -999, -999,
19841031, 0000, , TD,  3.6N,  145.6E,   30, 1004, -999, -999, -999, -999, -999, -999, -999, -999, -999, -999, -999, -999,
19841031, 0600, , TS,  3.9N,  145.3E,   35, 1003, -999, -999, -999, -999, -999, -999, -999, -999, -999, -999, -999, -999,
19841031, 1200, , TS,  4.4N,  144.9E,   40, 1001, -999, -999, -999, -999, -999, -999, -999, -999, -999, -999, -999, -999,
19841031, 1800, , TS,  4.8N,  144.5E,   40, 1000, -999, -999, -999, -999, -999, -999, -999, -999, -999, -999, -999, -999,
19841101, 0000, , TS,  5.4N,  143.8E,   45,  999, -999, -999, -999, -999, -999, -999, -999, -999, -999, -999, -999, -999,
19841101, 0600, , TS,  5.9N,  143.0E,   50,  996, -999, -999, -999, -999, -999, -999, -999, -999, -999, -999, -999, -999,
19841101, 1200, , TS,  6.8N,  141.8E,   55,  994, -999, -999, -999, -999, -999, -999, -999, -999, -999, -999, -999, -999,
19841101, 1800, , TS,  7.4N,  140.4E,   55,  993, -999, -999, -999, -999, -999, -999, -999, -999, -999, -999, -999, -999,
19841102, 0000, , TS,  7.8N,  139.4E,   60,  992, -999, -999, -999, -999, -999, -999, -999, -999, -999, -999, -999, -999,
19841102, 0600, , HU,  8.3N,  138.4E,   70,  986, -999, -999, -999, -999, -999, -999, -999, -999, -999, -999, -999, -999,
19841102, 1200, , HU,  8.6N,  137.3E,   75,  983, -999, -999, -999, -999, -999, -999, -999, -999, -999, -999, -999, -999,
19841102, 1800, , HU,  8.8N,  136.3E,   80,  980, -999, -999, -999, -999, -999, -999, -999, -999, -999, -999, -999, -999,
19841103, 0000, , HU,  9.1N,  135.2E,  105,  962, -999, -999, -999, -999, -999, -999, -999, -999, -999, -999, -999, -999,
19841103, 0600, , HU,  9.4N,  134.0E,  115,  954, -999, -999, -999, -999, -999, -999, -999, -999, -999, -999, -999, -999,
19841103, 1200, , HU,  9.6N,  132.7E,  125,  943, -999, -999, -999, -999, -999, -999, -999, -999, -999, -999, -999, -999,
19841103, 1800, , HU,  9.8N,  131.4E,  130,  937, -999, -999, -999, -999, -999, -999, -999, -999, -999, -999, -999, -999,
19841104, 0000, , HU, 10.1N,  130.1E,  140,  926, -999, -999, -999, -999, -999, -999, -999, -999, -999, -999, -999, -999,
19841104, 0600, , HU, 10.5N,  128.8E,  140,  925, -999, -999, -999, -999, -999, -999, -999, -999, -999, -999, -999, -999,
19841104, 1200, , HU, 10.8N,  127.4E,  140,  925, -999, -999, -999, -999, -999, -999, -999, -999, -999, -999, -999, -999,
19841104, 1800, , HU, 11.2N,  125.8E,  135,  930, -999, -999, -999, -999, -999, -999, -999, -999, -999, -999, -999, -999,
19841105, 0000, , HU, 11.5N,  124.0E,  115,  950, -999, -999, -999, -999, -999, -999, -999, -999, -999, -999, -999, -999,
19841105, 0600, , HU, 11.6N,  122.4E,   95,  965, -999, -999, -999, -999, -999, -999, -999, -999, -999, -999, -999, -999,
19841105, 1200, , HU, 11.8N,  120.8E,   85,  976, -999, -999, -999, -999, -999, -999, -999, -999, -999, -999, -999, -999,
19841105, 1800, , HU, 12.1N,  119.4E,   90,  973, -999, -999, -999, -999, -999, -999, -999, -999, -999, -999, -999, -999,
19841106, 0000, , HU, 12.2N,  117.7E,   95,  970, -999, -999, -999, -999, -999, -999, -999, -999, -999, -999, -999, -999,
19841106, 0600, , HU, 12.5N,  115.8E,  100,  967, -999, -999, -999, -999, -999, -999, -999, -999, -999, -999, -999, -999,
19841106, 1200, , HU, 12.9N,  114.0E,  100,  966, -999, -999, -999, -999, -999, -999, -999, -999, -999, -999, -999, -999,
19841106, 1800, , HU, 13.3N,  112.3E,  100,  965, -999, -999, -999, -999, -999, -999, -999, -999, -999, -999, -999, -999,
19841107, 0000, , HU, 13.7N,  111.3E,  105,  964, -999, -999, -999, -999, -999, -999, -999, -999, -999, -999, -999, -999,
19841107, 0600, , HU, 13.9N,  110.2E,  110,  960, -999, -999, -999, -999, -999, -999, -999, -999, -999, -999, -999, -999,
19841107, 1200, , HU, 14.2N,  109.0E,  100,  966, -999, -999, -999, -999, -999, -999, -999, -999, -999, -999, -999, -999,
19841107, 1800, , HU, 14.3N,  107.8E,   75,  985, -999, -999, -999, -999, -999, -999, -999, -999, -999, -999, -999, -999,
19841108, 0000, , TS, 14.7N,  106.2E,   50,  999, -999, -999, -999, -999, -999, -999, -999, -999, -999, -999, -999, -999,
19841108, 0600, , DB, 15.3N,  104.9E,   35, 1006, -999, -999, -999, -999, -999, -999, -999, -999, -999, -999, -999, -999,
19841108, 1200, , DB, 16.3N,  104.0E,   30, 1010, -999, -999, -999, -999, -999, -999, -999, -999, -999, -999, -999, -999,
WPXX1984,             BREAKER,     XX,
19841108, 0000, , DB, 14.3N,  153.9E,   30, 1006, -999, -999, -999, -999, -999, -999, -999, -999, -999, -999, -999, -999,
19841108, 0600, , DB, 14.4N,  153.7E,   30, 1005, -999, -999, -999, -999, -999, -999, -999, -999, -999, -999, -999, -999,
19841108, 1200, , TS, 14.1N,  153.5E,   35, 1003, -999, -999, -999, -999, -999, -999, -999, -999, -999, -999, -999, -999,
19841108, 1800, , TS, 13.9N,  153.5E,   40, 1000, -999, -999, -999, -999, -999, -999, -999, -999, -999, -999, -999, -999,
19841109, 0000, , TS, 13.9N,  153.7E,   40,  999, -999, -999, -999, -999, -999, -999, -999, -999, -999, -999, -999, -999,
19841109, 0600, , TS, 13.9N,  153.8E,   45,  998, -999, -999, -999, -999, -999, -999, -999, -999, -999, -999, -999, -999,
19841109, 1200, , TS, 14.0N,  153.9E,   50,  994, -999, -999, -999, -999, -999, -999, -999, -999, -999, -999, -999, -999,
19841109, 1800, , TS, 14.2N,  153.9E,   55,  990, -999, -999, -999, -999, -999, -999, -999, -999, -999, -999, -999, -999,
19841110, 0000, , TS, 14.3N,  153.8E,   60,  989, -999, -999, -999, -999, -999, -999, -999, -999, -999, -999, -999, -999,
19841110, 0600, , HU, 14.4N,  153.7E,   65,  987, -999, -999, -999, -999, -999, -999, -999, -999, -999, -999, -999, -999,
19841110, 1200, , HU, 14.5N,  153.5E,   65,  986, -999, -999, -999, -999, -999, -999, -999, -999, -999, -999, -999, -999,
19841110, 1800, , HU, 14.5N,  153.2E,   70,  984, -999, -999, -999, -999, -999, -999, -999, -999, -999, -999, -999, -999,
19841111, 0000, , HU, 14.5N,  152.8E,   65,  986, -999, -999, -999, -999, -999, -999, -999, -999, -999, -999, -999, -999,
19841111, 0600, , TS, 14.3N,  152.1E,   60,  989, -999, -999, -999, -999, -999, -999, -999, -999, -999, -999, -999, -999,
19841111, 1200, , TS, 14.1N,  151.3E,   55,  992, -999, -999, -999, -999, -999, -999, -999, -999, -999, -999, -999, -999,
19841111, 1800, , TS, 13.7N,  150.3E,   55,  991, -999, -999, -999, -999, -999, -999, -999, -999, -999, -999, -999, -999,
19841112, 0000, , TS, 13.4N,  149.0E,   60,  989, -999, -999, -999, -999, -999, -999, -999, -999, -999, -999, -999, -999,
19841112, 0600, , HU, 13.3N,  147.6E,   65,  987, -999, -999, -999, -999, -999, -999, -999, -999, -999, -999, -999, -999,
19841112, 1200, , HU, 12.8N,  146.1E,   75,  981, -999, -999, -999, -999, -999, -999, -999, -999, -999, -999, -999, -999,
19841112, 1800, , HU, 13.1N,  144.2E,   85,  973, -999, -999, -999, -999, -999, -999, -999, -999, -999, -999, -999, -999,
19841113, 0000, , HU, 12.7N,  142.3E,   95,  967, -999, -999, -999, -999, -999, -999, -999, -999, -999, -999, -999, -999,
19841113, 0600, , HU, 12.6N,  140.4E,  100,  964, -999, -999, -999, -999, -999, -999, -999, -999, -999, -999, -999, -999,
19841113, 1200, , HU, 12.5N,  138.4E,  115,  950, -999, -999, -999, -999, -999, -999, -999, -999, -999, -999, -999, -999,
19841113, 1800, , HU, 12.6N,  136.9E,  125,  938, -999, -999, -999, -999, -999, -999, -999, -999, -999, -999, -999, -999,
19841114, 0000, , HU, 12.8N,  135.3E,  135,  926, -999, -999, -999, -999, -999, -999, -999, -999, -999, -999, -999, -999,
19841114, 0600, , HU, 13.3N,  133.9E,  145,  915, -999, -999, -999, -999, -999, -999, -999, -999, -999, -999, -999, -999,
19841114, 1200, , HU, 13.5N,  132.4E,  150,  910, -999, -999, -999, -999, -999, -999, -999, -999, -999, -999, -999, -999,
19841114, 1800, , HU, 14.2N,  131.0E,  155,  905, -999, -999, -999, -999, -999, -999, -999, -999, -999, -999, -999, -999,
19841115, 0000, , HU, 15.0N,  129.9E,  140,  919, -999, -999, -999, -999, -999, -999, -999, -999, -999, -999, -999, -999,
19841115, 0600, , HU, 15.9N,  128.9E,  130,  931, -999, -999, -999, -999, -999, -999, -999, -999, -999, -999, -999, -999,
19841115, 1200, , HU, 16.5N,  127.8E,  120,  939, -999, -999, -999, -999, -999, -999, -999, -999, -999, -999, -999, -999,
19841115, 1800, , HU, 16.9N,  127.2E,  120,  940, -999, -999, -999, -999, -999, -999, -999, -999, -999, -999, -999, -999,
19841116, 0000, , HU, 17.3N,  126.5E,  115,  942, -999, -999, -999, -999, -999, -999, -999, -999, -999, -999, -999, -999,
19841116, 0600, , HU, 17.5N,  125.7E,  110,  935, -999, -999, -999, -999, -999, -999, -999, -999, -999, -999, -999, -999,
19841116, 1200, , HU, 17.7N,  124.8E,  100,  951, -999, -999, -999, -999, -999, -999, -999, -999, -999, -999, -999, -999,
19841116, 1800, , HU, 17.9N,  124.2E,  100,  950, -999, -999, -999, -999, -999, -999, -999, -999, -999, -999, -999, -999,
19841117, 0000, , HU, 18.1N,  123.6E,  105,  947, -999, -999, -999, -999, -999, -999, -999, -999, -999, -999, -999, -999,
19841117, 0600, , HU, 18.7N,  123.0E,  120,  936, -999, -999, -999, -999, -999, -999, -999, -999, -999, -999, -999, -999,
19841117, 1200, , HU, 19.4N,  122.5E,  110,  943, -999, -999, -999, -999, -999, -999, -999, -999, -999, -999, -999, -999,
19841117, 1800, , HU, 19.9N,  122.4E,  100,  949, -999, -999, -999, -999, -999, -999, -999, -999, -999, -999, -999, -999,
19841118, 0000, , HU, 20.2N,  122.6E,   95,  953, -999, -999, -999, -999, -999, -999, -999, -999, -999, -999, -999, -999,
19841118, 0600, , HU, 20.3N,  122.9E,   85,  960, -999, -999, -999, -999, -999, -999, -999, -999, -999, -999, -999, -999,
19841118, 1200, , HU, 20.2N,  123.3E,   75,  970, -999, -999, -999, -999, -999, -999, -999, -999, -999, -999, -999, -999,
19841118, 1800, , TS, 20.0N,  123.7E,   65,  978, -999, -999, -999, -999, -999, -999, -999, -999, -999, -999, -999, -999,
19841119, 0000, , TS, 19.4N,  124.1E,   55,  984, -999, -999, -999, -999, -999, -999, -999, -999, -999, -999, -999, -999,
19841119, 0600, , TS, 18.2N,  124.8E,   45,  990, -999, -999, -999, -999, -999, -999, -999, -999, -999, -999, -999, -999,
19841119, 1200, , TS, 16.8N,  125.8E,   35,  998, -999, -999, -999, -999, -999, -999, -999, -999, -999, -999, -999, -999,
19841119, 1800, , TS, 16.1N,  126.2E,   35,  999, -999, -999, -999, -999, -999, -999, -999, -999, -999, -999, -999, -999,
19841120, 0000, , TS, 15.6N,  127.0E,   35, 1000, -999, -999, -999, -999, -999, -999, -999, -999, -999, -999, -999, -999,
19841120, 0600, , TS, 15.3N,  127.4E,   35,  999, -999, -999, -999, -999, -999, -999, -999, -999, -999, -999, -999, -999,
19841120, 1200, , TS, 15.1N,  128.0E,   35, 1000, -999, -999, -999, -999, -999, -999, -999, -999, -999, -999, -999, -999,
19841120, 1800, , TD, 14.7N,  128.5E,   30, 1001, -999, -999, -999, -999, -999, -999, -999, -999, -999, -999, -999, -999,
19841121, 0000, , TD, 14.4N,  129.1E,   30, 1002, -999, -999, -999, -999, -999, -999, -999, -999, -999, -999, -999, -999,
19841121, 0600, , TD, 15.2N,  129.2E,   30, 1003, -999, -999, -999, -999, -999, -999, -999, -999, -999, -999, -999, -999,
19841121, 1200, , TD, 15.1N,  128.4E,   25, 1004, -999, -999, -999, -999, -999, -999, -999, -999, -999, -999, -999, -999,
19841121, 1800, , TD, 14.1N,  128.0E,   25, 1005, -999, -999, -999, -999, -999, -999, -999, -999, -999, -999, -999, -999,
19841122, 0000, , DB, 12.9N,  127.3E,   25, 1006, -999, -999, -999, -999, -999, -999, -999, -999, -999, -999, -999, -999,
WPXX1984,             BREAKER,     XX,
19841114, 0000, , DB,  5.4N,  156.4E,   25, 1004, -999, -999, -999, -999, -999, -999, -999, -999, -999, -999, -999, -999,
19841114, 0600, , DB,  5.7N,  155.4E,   30, 1001, -999, -999, -999, -999, -999, -999, -999, -999, -999, -999, -999, -999,
19841114, 1200, , TD,  6.1N,  154.4E,   30, 1000, -999, -999, -999, -999, -999, -999, -999, -999, -999, -999, -999, -999,
19841114, 1800, , TS,  6.7N,  153.1E,   35,  999, -999, -999, -999, -999, -999, -999, -999, -999, -999, -999, -999, -999,
19841115, 0000, , TS,  7.2N,  151.7E,   35,  998, -999, -999, -999, -999, -999, -999, -999, -999, -999, -999, -999, -999,
19841115, 0600, , TS,  7.7N,  149.9E,   40,  997, -999, -999, -999, -999, -999, -999, -999, -999, -999, -999, -999, -999,
19841115, 1200, , TS,  7.9N,  148.2E,   50,  992, -999, -999, -999, -999, -999, -999, -999, -999, -999, -999, -999, -999,
19841115, 1800, , TS,  8.4N,  147.2E,   55,  989, -999, -999, -999, -999, -999, -999, -999, -999, -999, -999, -999, -999,
19841116, 0000, , HU,  9.1N,  146.0E,   65,  983, -999, -999, -999, -999, -999, -999, -999, -999, -999, -999, -999, -999,
19841116, 0600, , HU,  9.4N,  144.6E,   65,  982, -999, -999, -999, -999, -999, -999, -999, -999, -999, -999, -999, -999,
19841116, 1200, , HU,  9.8N,  142.8E,   70,  979, -999, -999, -999, -999, -999, -999, -999, -999, -999, -999, -999, -999,
19841116, 1800, , HU, 10.2N,  141.3E,   80,  972, -999, -999, -999, -999, -999, -999, -999, -999, -999, -999, -999, -999,
19841117, 0000, , HU, 10.5N,  139.9E,   85,  970, -999, -999, -999, -999, -999, -999, -999, -999, -999, -999, -999, -999,
19841117, 0600, , HU, 10.9N,  138.5E,   90,  967, -999, -999, -999, -999, -999, -999, -999, -999, -999, -999, -999, -999,
19841117, 1200, , HU, 11.5N,  137.1E,   95,  964, -999, -999, -999, -999, -999, -999, -999, -999, -999, -999, -999, -999,
19841117, 1800, , HU, 12.0N,  135.8E,  100,  960, -999, -999, -999, -999, -999, -999, -999, -999, -999, -999, -999, -999,
19841118, 0000, , HU, 12.5N,  134.7E,  105,  958, -999, -999, -999, -999, -999, -999, -999, -999, -999, -999, -999, -999,
19841118, 0600, , HU, 13.2N,  133.8E,  105,  997, -999, -999, -999, -999, -999, -999, -999, -999, -999, -999, -999, -999,
19841118, 1200, , HU, 14.0N,  133.1E,  105,  956, -999, -999, -999, -999, -999, -999, -999, -999, -999, -999, -999, -999,
19841118, 1800, , HU, 15.0N,  132.7E,  100,  957, -999, -999, -999, -999, -999, -999, -999, -999, -999, -999, -999, -999,
19841119, 0000, , HU, 16.0N,  132.4E,   95,  958, -999, -999, -999, -999, -999, -999, -999, -999, -999, -999, -999, -999,
19841119, 0600, , HU, 17.3N,  132.4E,  100,  954, -999, -999, -999, -999, -999, -999, -999, -999, -999, -999, -999, -999,
19841119, 1200, , HU, 18.6N,  132.5E,  105,  948, -999, -999, -999, -999, -999, -999, -999, -999, -999, -999, -999, -999,
19841119, 1800, , HU, 19.7N,  132.7E,  115,  940, -999, -999, -999, -999, -999, -999, -999, -999, -999, -999, -999, -999,
19841120, 0000, , HU, 20.8N,  133.3E,  110,  943, -999, -999, -999, -999, -999, -999, -999, -999, -999, -999, -999, -999,
19841120, 0600, , HU, 22.0N,  134.4E,  100,  949, -999, -999, -999, -999, -999, -999, -999, -999, -999, -999, -999, -999,
19841120, 1200, , HU, 23.4N,  136.0E,   90,  955, -999, -999, -999, -999, -999, -999, -999, -999, -999, -999, -999, -999,
19841120, 1800, , HU, 24.7N,  138.2E,   80,  961, -999, -999, -999, -999, -999, -999, -999, -999, -999, -999, -999, -999,
19841121, 0000, , EX, 25.8N,  140.4E,   70,  967, -999, -999, -999, -999, -999, -999, -999, -999, -999, -999, -999, -999,
19841121, 0600, , EX, 26.6N,  143.0E,   65,  971, -999, -999, -999, -999, -999, -999, -999, -999, -999, -999, -999, -999,
19841121, 1200, , EX, 27.1N,  145.7E,   60,  977, -999, -999, -999, -999, -999, -999, -999, -999, -999, -999, -999, -999,
WPXX1984,             BREAKER,     XX,
19841202, 0600, , DB,  6.3N,  149.2E,   20, 1009, -999, -999, -999, -999, -999, -999, -999, -999, -999, -999, -999, -999,
19841202, 1200, , DB,  6.4N,  148.1E,   20, 1008, -999, -999, -999, -999, -999, -999, -999, -999, -999, -999, -999, -999,
19841202, 1800, , DB,  6.6N,  146.8E,   20, 1008, -999, -999, -999, -999, -999, -999, -999, -999, -999, -999, -999, -999,
19841203, 0000, , DB,  6.9N,  145.4E,   20, 1007, -999, -999, -999, -999, -999, -999, -999, -999, -999, -999, -999, -999,
19841203, 0600, , DB,  7.0N,  144.1E,   20, 1007, -999, -999, -999, -999, -999, -999, -999, -999, -999, -999, -999, -999,
19841203, 1200, , DB,  7.2N,  142.9E,   20, 1006, -999, -999, -999, -999, -999, -999, -999, -999, -999, -999, -999, -999,
19841203, 1800, , DB,  7.4N,  141.9E,   20, 1006, -999, -999, -999, -999, -999, -999, -999, -999, -999, -999, -999, -999,
19841204, 0000, , DB,  7.5N,  141.0E,   25, 1005, -999, -999, -999, -999, -999, -999, -999, -999, -999, -999, -999, -999,
19841204, 0600, , TD,  7.7N,  140.2E,   30, 1004, -999, -999, -999, -999, -999, -999, -999, -999, -999, -999, -999, -999,
19841204, 1200, , TS,  8.0N,  139.2E,   35, 1001, -999, -999, -999, -999, -999, -999, -999, -999, -999, -999, -999, -999,
19841204, 1800, , TS,  8.3N,  138.3E,   40,  998, -999, -999, -999, -999, -999, -999, -999, -999, -999, -999, -999, -999,
19841205, 0000, , TS,  8.6N,  137.5E,   45,  994, -999, -999, -999, -999, -999, -999, -999, -999, -999, -999, -999, -999,
19841205, 0600, , TS,  9.1N,  136.7E,   45,  993, -999, -999, -999, -999, -999, -999, -999, -999, -999, -999, -999, -999,
19841205, 1200, , TS,  9.6N,  136.0E,   50,  991, -999, -999, -999, -999, -999, -999, -999, -999, -999, -999, -999, -999,
19841205, 1800, , TS, 10.2N,  135.3E,   50,  992, -999, -999, -999, -999, -999, -999, -999, -999, -999, -999, -999, -999,
19841206, 0000, , TS, 10.8N,  134.8E,   50,  991, -999, -999, -999, -999, -999, -999, -999, -999, -999, -999, -999, -999,
19841206, 0600, , TS, 11.5N,  134.3E,   55,  989, -999, -999, -999, -999, -999, -999, -999, -999, -999, -999, -999, -999,
19841206, 1200, , TS, 12.2N,  133.8E,   55,  990, -999, -999, -999, -999, -999, -999, -999, -999, -999, -999, -999, -999,
19841206, 1800, , HU, 12.9N,  133.4E,   70,  978, -999, -999, -999, -999, -999, -999, -999, -999, -999, -999, -999, -999,
19841207, 0000, , HU, 13.6N,  133.1E,   80,  972, -999, -999, -999, -999, -999, -999, -999, -999, -999, -999, -999, -999,
19841207, 0600, , HU, 14.4N,  132.7E,   95,  961, -999, -999, -999, -999, -999, -999, -999, -999, -999, -999, -999, -999,
19841207, 1200, , HU, 15.0N,  132.3E,  105,  953, -999, -999, -999, -999, -999, -999, -999, -999, -999, -999, -999, -999,
19841207, 1800, , HU, 15.5N,  131.9E,  125,  935, -999, -999, -999, -999, -999, -999, -999, -999, -999, -999, -999, -999,
19841208, 0000, , HU, 15.8N,  131.7E,  120,  939, -999, -999, -999, -999, -999, -999, -999, -999, -999, -999, -999, -999,
19841208, 0600, , HU, 16.1N,  131.4E,  115,  944, -999, -999, -999, -999, -999, -999, -999, -999, -999, -999, -999, -999,
19841208, 1200, , HU, 16.5N,  131.1E,  115,  945, -999, -999, -999, -999, -999, -999, -999, -999, -999, -999, -999, -999,
19841208, 1800, , HU, 17.0N,  130.7E,  110,  948, -999, -999, -999, -999, -999, -999, -999, -999, -999, -999, -999, -999,
19841209, 0000, , HU, 17.5N,  130.4E,  105,  951, -999, -999, -999, -999, -999, -999, -999, -999, -999, -999, -999, -999,
19841209, 0600, , HU, 18.1N,  130.1E,   85,  970, -999, -999, -999, -999, -999, -999, -999, -999, -999, -999, -999, -999,
19841209, 1200, , TS, 18.7N,  130.0E,   60,  987, -999, -999, -999, -999, -999, -999, -999, -999, -999, -999, -999, -999,
19841209, 1800, , TS, 19.2N,  129.9E,   50,  992, -999, -999, -999, -999, -999, -999, -999, -999, -999, -999, -999, -999,
19841210, 0000, , TS, 19.9N,  130.1E,   45,  993, -999, -999, -999, -999, -999, -999, -999, -999, -999, -999, -999, -999,
19841210, 0600, , TS, 20.8N,  130.4E,   45,  993, -999, -999, -999, -999, -999, -999, -999, -999, -999, -999, -999, -999,
19841210, 1200, , TS, 21.9N,  131.2E,   40,  997, -999, -999, -999, -999, -999, -999, -999, -999, -999, -999, -999, -999,
19841210, 1800, , TS, 22.9N,  132.3E,   35, 1001, -999, -999, -999, -999, -999, -999, -999, -999, -999, -999, -999, -999,
19841211, 0000, , TS, 23.9N,  133.4E,   35, 1002, -999, -999, -999, -999, -999, -999, -999, -999, -999, -999, -999, -999,
19841211, 0600, , DB, 24.8N,  135.0E,   30, 1004, -999, -999, -999, -999, -999, -999, -999, -999, -999, -999, -999, -999,