SH, 19, 2003022412,   , BEST,   0, 214S,  423E,  20, 1010, DB,   0,    ,    0,    0,    0,    0, 
SH, 19, 2003022418,   , BEST,   0, 212S,  426E,  25, 1009, DB,   0,    ,    0,    0,    0,    0, 
SH, 19, 2003022500,   , BEST,   0, 214S,  429E,  30, 1007, DB,  34, NEQ,    0,    0,    0,    0, 1008,  130,  15,   0,   0, 
SH, 19, 2003022506,   , BEST,   0, 217S,  428E,  35, 1004, DB,  34, NEQ,    0,    0,    0,    0, 1006,  130,  50,   0,   0, 
SH, 19, 2003022512,   , BEST,   0, 221S,  427E,  40, 1001, TS,  34, NEQ,    0,    0,    0,    0, 1006,  130,  50,   0,   0, 
SH, 19, 2003022518,   , BEST,   0, 224S,  424E,  45,  997, TS,  34, NEQ,    0,    0,    0,    0, 1006,  130,  50,   0,   0, 
SH, 19, 2003022600,   , BEST,   0, 223S,  415E,  50,  993, TS,  34, NEQ,    0,    0,    0,    0, 1006,  130,  50,   0,   0, 
SH, 19, 2003022606,   , BEST,   0, 219S,  404E,  50,  992, TS,  34, NEQ,    0,    0,    0,    0, 1006,  130,  50,   0,   0, 
SH, 19, 2003022612,   , BEST,   0, 216S,  398E,  50,  990, TS,  34, NEQ,    0,    0,    0,    0, 1005,  140,  50,   0,   0, 
SH, 19, 2003022618,   , BEST,   0, 215S,  395E,  55,  985, TS,  34, NEQ,  110,  110,  150,  150, 1005,  160,  50,   0,   0, 
SH, 19, 2003022700,   , BEST,   0, 214S,  392E,  60,  981, TS,  34, NEQ,  110,  110,  150,  150, 1005,  160,  50,   0,   0, 
SH, 19, 2003022706,   , BEST,   0, 216S,  389E,  65,  977, TY,  34, NEQ,   95,   95,  130,  130, 1005,  140,  35,   0,   0, 
SH, 19, 2003022712,   , BEST,   0, 219S,  387E,  70,  973, TY,  34, NEQ,   95,   95,  130,  130, 1005,  130,  30,   0,   0, 
SH, 19, 2003022718,   , BEST,   0, 222S,  384E,  75,  969, TY,  34, NEQ,   95,   95,  130,  130, 1005,  130,  30,   0,   0, 
SH, 19, 2003022800,   , BEST,   0, 225S,  380E,  80,  965, TY,  34, NEQ,  120,  120,  130,  130, 1005,  130,  30,   0,   0, 
SH, 19, 2003022806,   , BEST,   0, 229S,  378E,  90,  959, TY,  34, NEQ,  120,  120,  130,  130, 1004,  130,  25,   0,   0, 
SH, 19, 2003022812,   , BEST,   0, 232S,  376E,  90,  958, TY,  34, NEQ,  120,  120,  130,  130, 1004,  120,  15,   0,   0, 
SH, 19, 2003022818,   , BEST,   0, 237S,  374E, 100,  952, TY,  34, NEQ,  120,  120,  130,  130, 1004,  120,  20,   0,   0, 
SH, 19, 2003030100,   , BEST,   0, 239S,  376E, 115,  940, TY,  34, NEQ,  120,  120,  130,  130, 1004,  120,  20,   0,   0, 
SH, 19, 2003030106,   , BEST,   0, 238S,  377E, 125,  932, TY,  34, NEQ,  120,  120,  120,  130, 1004,  120,  20,   0,   0, 
SH, 19, 2003030112,   , BEST,   0, 236S,  376E, 115,  940, TY,  34, NEQ,  100,  120,  120,  100, 1003,  120,  15,   0,   0, 
SH, 19, 2003030118,   , BEST,   0, 233S,  373E, 100,  954, TY,  34, NEQ,  100,  120,  120,  100, 1003,  120,  20,   0,   0, 
SH, 19, 2003030200,   , BEST,   0, 230S,  369E,  95,  960, TY,  34, NEQ,  100,  120,  120,  100, 1003,  120,  20,   0,   0, 
SH, 19, 2003030206,   , BEST,   0, 226S,  364E,  85,  970, TY,  34, NEQ,  100,  120,  120,  100, 1003,  120,  35,   0,   0, 
SH, 19, 2003030212,   , BEST,   0, 221S,  357E,  75,  980, TY,  34, NEQ,   90,  110,  110,   90, 1003,  120,  35,   0,   0, 
SH, 19, 2003030218,   , BEST,   0, 217S,  351E,  65,  986, TY,   0,    ,    0,    0,    0,    0, 
SH, 19, 2003030300,   , BEST,   0, 213S,  347E,  55,  992, TS,   0,    ,    0,    0,    0,    0, 
SH, 19, 2003030306,   , BEST,   0, 209S,  342E,  45,  998, TS,   0,    ,    0,    0,    0,    0, 
SH, 19, 2003030312,   , BEST,   0, 208S,  334E,  35, 1002, TS,   0,    ,    0,    0,    0,    0, 
SH, 19, 2003030318,   , BEST,   0, 203S,  329E,  30, 1004, TD,   0,    ,    0,    0,    0,    0, 
SH, 19, 2003030400,   , BEST,   0, 198S,  325E,  25, 1006, TD,   0,    ,    0,    0,    0,    0, 
SH, 19, 2003030406,   , BEST,   0, 194S,  314E,  20, 1008, DB,   0,    ,    0,    0,    0,    0, 