19861009, 0600, , DB,  8.2N,  138.9E,   25, 1009, -999, -999, -999, -999, -999, -999, -999, -999, -999, -999, -999, -999,
19861009, 1200, , DB,  8.3N,  137.3E,   30, 1007, -999, -999, -999, -999, -999, -999, -999, -999, -999, -999, -999, -999,
19861009, 1800, , DB,  9.0N,  135.4E,   30, 1006, -999, -999, -999, -999, -999, -999, -999, -999, -999, -999, -999, -999,
19861010, 0000, , TD,  9.5N,  133.2E,   30, 1005, -999, -999, -999, -999, -999, -999, -999, -999, -999, -999, -999, -999,
19861010, 0600, , TS,  9.7N,  131.4E,   35, 1004, -999, -999, -999, -999, -999, -999, -999, -999, -999, -999, -999, -999,
19861010, 1200, , TS,  9.9N,  129.6E,   40, 1001, -999, -999, -999, -999, -999, -999, -999, -999, -999, -999, -999, -999,
19861010, 1800, , TS, 10.3N,  128.0E,   50,  995, -999, -999, -999, -999, -999, -999, -999, -999, -999, -999, -999, -999,
19861011, 0000, , TS, 10.8N,  126.6E,   55,  992, -999, -999, -999, -999, -999, -999, -999, -999, -999, -999, -999, -999,
19861011, 0600, , TS, 11.2N,  125.1E,   55,  993, -999, -999, -999, -999, -999, -999, -999, -999, -999, -999, -999, -999,
19861011, 1200, , TS, 11.6N,  123.7E,   45,  998, -999, -999, -999, -999, -999, -999, -999, -999, -999, -999, -999, -999,
19861011, 1800, , TS, 12.0N,  122.3E,   45,  999, -999, -999, -999, -999, -999, -999, -999, -999, -999, -999, -999, -999,
19861012, 0000, , TS, 12.6N,  121.1E,   40, 1000, -999, -999, -999, -999, -999, -999, -999, -999, -999, -999, -999, -999,
19861012, 0600, , TS, 13.2N,  120.0E,   40, 1001, -999, -999, -999, -999, -999, -999, -999, -999, -999, -999, -999, -999,
19861012, 1200, , TS, 13.9N,  119.3E,   45,  999, -999, -999, -999, -999, -999, -999, -999, -999, -999, -999, -999, -999,
19861012, 1800, , TS, 14.5N,  118.7E,   55,  993, -999, -999, -999, -999, -999, -999, -999, -999, -999, -999, -999, -999,
19861013, 0000, , TS, 15.1N,  118.2E,   60,  988, -999, -999, -999, -999, -999, -999, -999, -999, -999, -999, -999, -999,
19861013, 0600, , HU, 15.5N,  118.0E,   65,  985, -999, -999, -999, -999, -999, -999, -999, -999, -999, -999, -999, -999,
19861013, 1200, , HU, 15.9N,  118.0E,   75,  980, -999, -999, -999, -999, -999, -999, -999, -999, -999, -999, -999, -999,
19861013, 1800, , HU, 16.4N,  118.0E,   80,  976, -999, -999, -999, -999, -999, -999, -999, -999, -999, -999, -999, -999,
19861014, 0000, , HU, 16.9N,  118.0E,   80,  975, -999, -999, -999, -999, -999, -999, -999, -999, -999, -999, -999, -999,
19861014, 0600, , HU, 17.4N,  118.0E,   80,  975, -999, -999, -999, -999, -999, -999, -999, -999, -999, -999, -999, -999,
19861014, 1200, , HU, 17.7N,  117.8E,   85,  973, -999, -999, -999, -999, -999, -999, -999, -999, -999, -999, -999, -999,
19861014, 1800, , HU, 17.9N,  117.6E,   85,  972, -999, -999, -999, -999, -999, -999, -999, -999, -999, -999, -999, -999,
19861015, 0000, , HU, 18.0N,  117.4E,   90,  970, -999, -999, -999, -999, -999, -999, -999, -999, -999, -999, -999, -999,
19861015, 0600, , HU, 18.3N,  117.3E,   85,  972, -999, -999, -999, -999, -999, -999, -999, -999, -999, -999, -999, -999,
19861015, 1200, , HU, 18.6N,  117.2E,   80,  975, -999, -999, -999, -999, -999, -999, -999, -999, -999, -999, -999, -999,
19861015, 1800, , HU, 18.8N,  117.1E,   75,  978, -999, -999, -999, -999, -999, -999, -999, -999, -999, -999, -999, -999,
19861016, 0000, , HU, 19.0N,  116.8E,   75,  980, -999, -999, -999, -999, -999, -999, -999, -999, -999, -999, -999, -999,
19861016, 0600, , HU, 19.2N,  116.5E,   75,  978, -999, -999, -999, -999, -999, -999, -999, -999, -999, -999, -999, -999,
19861016, 1200, , HU, 19.4N,  116.0E,   75,  977, -999, -999, -999, -999, -999, -999, -999, -999, -999, -999, -999, -999,
19861016, 1800, , HU, 19.7N,  115.4E,   75,  979, -999, -999, -999, -999, -999, -999, -999, -999, -999, -999, -999, -999,
19861017, 0000, , HU, 20.1N,  114.9E,   75,  978, -999, -999, -999, -999, -999, -999, -999, -999, -999, -999, -999, -999,
19861017, 0600, , HU, 20.4N,  114.6E,   80,  976, -999, -999, -999, -999, -999, -999, -999, -999, -999, -999, -999, -999,
19861017, 1200, , HU, 20.7N,  114.2E,   90,  971, -999, -999, -999, -999, -999, -999, -999, -999, -999, -999, -999, -999,
19861017, 1800, , HU, 20.9N,  113.9E,   85,  974, -999, -999, -999, -999, -999, -999, -999, -999, -999, -999, -999, -999,
19861018, 0000, , HU, 21.1N,  113.5E,   75,  982, -999, -999, -999, -999, -999, -999, -999, -999, -999, -999, -999, -999,
19861018, 0600, , HU, 21.1N,  113.1E,   65,  987, -999, -999, -999, -999, -999, -999, -999, -999, -999, -999, -999, -999,
19861018, 1200, , TS, 21.1N,  112.6E,   55,  993, -999, -999, -999, -999, -999, -999, -999, -999, -999, -999, -999, -999,
19861018, 1800, , TS, 21.1N,  112.0E,   40, 1000, -999, -999, -999, -999, -999, -999, -999, -999, -999, -999, -999, -999,
19861019, 0000, , TD, 21.2N,  111.1E,   30, 1006, -999, -999, -999, -999, -999, -999, -999, -999, -999, -999, -999, -999,
19861019, 0600, , TD, 21.2N,  110.0E,   30, 1007, -999, -999, -999, -999, -999, -999, -999, -999, -999, -999, -999, -999,
19861019, 1200, , DB, 21.3N,  109.1E,   25, 1008, -999, -999, -999, -999, -999, -999, -999, -999, -999, -999, -999, -999,