19861013, 0000, , DB, 11.1N,  167.5E,   25, 1010, -999, -999, -999, -999, -999, -999, -999, -999, -999, -999, -999, -999,
19861013, 0600, , DB, 11.4N,  166.6E,   25, 1009, -999, -999, -999, -999, -999, -999, -999, -999, -999, -999, -999, -999,
19861013, 1200, , TD, 11.8N,  165.8E,   30, 1008, -999, -999, -999, -999, -999, -999, -999, -999, -999, -999, -999, -999,
19861013, 1800, , TS, 12.1N,  164.9E,   40, 1002, -999, -999, -999, -999, -999, -999, -999, -999, -999, -999, -999, -999,
19861014, 0000, , TS, 12.6N,  163.6E,   40, 1003, -999, -999, -999, -999, -999, -999, -999, -999, -999, -999, -999, -999,
19861014, 0600, , TS, 12.9N,  162.4E,   35, 1004, -999, -999, -999, -999, -999, -999, -999, -999, -999, -999, -999, -999,
19861014, 1200, , TS, 13.2N,  161.2E,   35, 1005, -999, -999, -999, -999, -999, -999, -999, -999, -999, -999, -999, -999,
19861014, 1800, , TS, 13.6N,  159.9E,   35, 1004, -999, -999, -999, -999, -999, -999, -999, -999, -999, -999, -999, -999,
19861015, 0000, , TS, 13.9N,  158.5E,   40, 1003, -999, -999, -999, -999, -999, -999, -999, -999, -999, -999, -999, -999,
19861015, 0600, , TS, 14.6N,  157.0E,   45, 1000, -999, -999, -999, -999, -999, -999, -999, -999, -999, -999, -999, -999,
19861015, 1200, , TS, 15.1N,  155.5E,   55,  994, -999, -999, -999, -999, -999, -999, -999, -999, -999, -999, -999, -999,
19861015, 1800, , HU, 15.6N,  153.6E,   65,  988, -999, -999, -999, -999, -999, -999, -999, -999, -999, -999, -999, -999,
19861016, 0000, , HU, 16.3N,  151.9E,   65,  988, -999, -999, -999, -999, -999, -999, -999, -999, -999, -999, -999, -999,
19861016, 0600, , HU, 16.9N,  150.2E,   70,  985, -999, -999, -999, -999, -999, -999, -999, -999, -999, -999, -999, -999,
19861016, 1200, , HU, 17.5N,  148.3E,   80,  978, -999, -999, -999, -999, -999, -999, -999, -999, -999, -999, -999, -999,
19861016, 1800, , HU, 18.2N,  146.8E,  100,  960, -999, -999, -999, -999, -999, -999, -999, -999, -999, -999, -999, -999,
19861017, 0000, , HU, 18.7N,  145.3E,  120,  945, -999, -999, -999, -999, -999, -999, -999, -999, -999, -999, -999, -999,
19861017, 0300, , HU, 19.0N,  144.8E,  140,  928, -999, -999, -999, -999, -999, -999, -999, -999, -999, -999, -999, -999,
19861017, 0600, , HU, 19.4N,  144.3E,  140,  929, -999, -999, -999, -999, -999, -999, -999, -999, -999, -999, -999, -999,
19861017, 1200, , HU, 20.1N,  143.3E,  130,  938, -999, -999, -999, -999, -999, -999, -999, -999, -999, -999, -999, -999,
19861017, 1800, , HU, 20.6N,  142.7E,  110,  954, -999, -999, -999, -999, -999, -999, -999, -999, -999, -999, -999, -999,
19861018, 0000, , HU, 21.2N,  142.2E,  100,  960, -999, -999, -999, -999, -999, -999, -999, -999, -999, -999, -999, -999,
19861018, 0600, , HU, 21.7N,  142.2E,   95,  963, -999, -999, -999, -999, -999, -999, -999, -999, -999, -999, -999, -999,
19861018, 1200, , HU, 22.2N,  142.3E,  100,  960, -999, -999, -999, -999, -999, -999, -999, -999, -999, -999, -999, -999,
19861018, 1800, , HU, 22.7N,  142.5E,  105,  957, -999, -999, -999, -999, -999, -999, -999, -999, -999, -999, -999, -999,
19861019, 0000, , HU, 23.5N,  143.3E,  100,  961, -999, -999, -999, -999, -999, -999, -999, -999, -999, -999, -999, -999,
19861019, 0600, , HU, 24.4N,  144.7E,   95,  964, -999, -999, -999, -999, -999, -999, -999, -999, -999, -999, -999, -999,
19861019, 1200, , HU, 25.8N,  146.7E,   85,  972, -999, -999, -999, -999, -999, -999, -999, -999, -999, -999, -999, -999,
19861019, 1800, , HU, 27.8N,  149.3E,   75,  980, -999, -999, -999, -999, -999, -999, -999, -999, -999, -999, -999, -999,
19861020, 0000, , HU, 31.1N,  152.9E,   65,  986, -999, -999, -999, -999, -999, -999, -999, -999, -999, -999, -999, -999,
19861020, 0600, , TS, 34.3N,  156.7E,   55,  992, -999, -999, -999, -999, -999, -999, -999, -999, -999, -999, -999, -999,
19861020, 1200, , EX, 36.5N,  162.5E,   50,  994, -999, -999, -999, -999, -999, -999, -999, -999, -999, -999, -999, -999,