19861017, 0000, , DB, 10.5N,  130.4E,   30, 1004, -999, -999, -999, -999, -999, -999, -999, -999, -999, -999, -999, -999,
19861017, 0600, , DB, 10.6N,  129.9E,   35, 1002, -999, -999, -999, -999, -999, -999, -999, -999, -999, -999, -999, -999,
19861017, 1200, , TS, 10.7N,  129.3E,   35, 1002, -999, -999, -999, -999, -999, -999, -999, -999, -999, -999, -999, -999,
19861017, 1800, , TS, 10.9N,  128.8E,   40, 1001, -999, -999, -999, -999, -999, -999, -999, -999, -999, -999, -999, -999,
19861018, 0000, , TS, 11.2N,  128.2E,   50,  996, -999, -999, -999, -999, -999, -999, -999, -999, -999, -999, -999, -999,
19861018, 0600, , TS, 11.5N,  127.3E,   60,  991, -999, -999, -999, -999, -999, -999, -999, -999, -999, -999, -999, -999,
19861018, 1200, , TS, 12.0N,  126.2E,   60,  992, -999, -999, -999, -999, -999, -999, -999, -999, -999, -999, -999, -999,
19861018, 1800, , TS, 12.3N,  125.2E,   55,  994, -999, -999, -999, -999, -999, -999, -999, -999, -999, -999, -999, -999,
19861019, 0000, , TS, 12.5N,  124.2E,   50,  996, -999, -999, -999, -999, -999, -999, -999, -999, -999, -999, -999, -999,
19861019, 0600, , TS, 12.8N,  123.0E,   45,  999, -999, -999, -999, -999, -999, -999, -999, -999, -999, -999, -999, -999,
19861019, 1200, , TS, 13.1N,  121.0E,   40, 1002, -999, -999, -999, -999, -999, -999, -999, -999, -999, -999, -999, -999,
19861019, 1800, , TS, 13.2N,  119.4E,   40, 1001, -999, -999, -999, -999, -999, -999, -999, -999, -999, -999, -999, -999,
19861020, 0000, , TS, 13.4N,  118.1E,   45,  996, -999, -999, -999, -999, -999, -999, -999, -999, -999, -999, -999, -999,
19861020, 0600, , TS, 13.7N,  117.1E,   45,  997, -999, -999, -999, -999, -999, -999, -999, -999, -999, -999, -999, -999,
19861020, 1200, , TS, 14.0N,  115.9E,   45,  998, -999, -999, -999, -999, -999, -999, -999, -999, -999, -999, -999, -999,
19861020, 1800, , TS, 14.1N,  114.6E,   55,  993, -999, -999, -999, -999, -999, -999, -999, -999, -999, -999, -999, -999,
19861021, 0000, , TS, 14.3N,  113.2E,   60,  990, -999, -999, -999, -999, -999, -999, -999, -999, -999, -999, -999, -999,
19861021, 0600, , HU, 14.5N,  111.4E,   65,  987, -999, -999, -999, -999, -999, -999, -999, -999, -999, -999, -999, -999,
19861021, 1200, , HU, 14.9N,  110.0E,   65,  986, -999, -999, -999, -999, -999, -999, -999, -999, -999, -999, -999, -999,
19861021, 1800, , HU, 15.2N,  109.3E,   70,  985, -999, -999, -999, -999, -999, -999, -999, -999, -999, -999, -999, -999,
19861022, 0000, , HU, 15.4N,  108.5E,   65,  988, -999, -999, -999, -999, -999, -999, -999, -999, -999, -999, -999, -999,
19861022, 0600, , TS, 15.8N,  107.8E,   50,  996, -999, -999, -999, -999, -999, -999, -999, -999, -999, -999, -999, -999,
19861022, 1200, , TD, 16.2N,  106.5E,   30, 1000, -999, -999, -999, -999, -999, -999, -999, -999, -999, -999, -999, -999,
19861022, 1800, , TD, 16.3N,  105.2E,   25, 1002, -999, -999, -999, -999, -999, -999, -999, -999, -999, -999, -999, -999,
19861023, 0000, , DB, 16.3N,  103.8E,   20, 1006, -999, -999, -999, -999, -999, -999, -999, -999, -999, -999, -999, -999,