19841009, 1800, , DB,  9.3N,  140.1E,   20, 1004, -999, -999, -999, -999, -999, -999, -999, -999, -999, -999, -999, -999,
19841010, 0000, , DB,  9.8N,  141.0E,   20, 1004, -999, -999, -999, -999, -999, -999, -999, -999, -999, -999, -999, -999,
19841010, 0600, , TD, 10.4N,  141.8E,   25, 1002, -999, -999, -999, -999, -999, -999, -999, -999, -999, -999, -999, -999,
19841010, 1200, , TD, 11.0N,  142.4E,   25, 1003, -999, -999, -999, -999, -999, -999, -999, -999, -999, -999, -999, -999,
19841010, 1800, , TD, 11.8N,  143.0E,   25, 1002, -999, -999, -999, -999, -999, -999, -999, -999, -999, -999, -999, -999,
19841011, 0000, , TD, 12.7N,  143.2E,   30, 1000, -999, -999, -999, -999, -999, -999, -999, -999, -999, -999, -999, -999,
19841011, 0600, , TS, 13.6N,  143.2E,   35,  998, -999, -999, -999, -999, -999, -999, -999, -999, -999, -999, -999, -999,
19841011, 1200, , TS, 14.2N,  143.2E,   40,  997, -999, -999, -999, -999, -999, -999, -999, -999, -999, -999, -999, -999,
19841011, 1800, , TS, 14.8N,  143.2E,   35,  998, -999, -999, -999, -999, -999, -999, -999, -999, -999, -999, -999, -999,
19841012, 0000, , TS, 15.2N,  143.3E,   35,  999, -999, -999, -999, -999, -999, -999, -999, -999, -999, -999, -999, -999,
19841012, 0600, , TS, 16.2N,  143.5E,   40,  996, -999, -999, -999, -999, -999, -999, -999, -999, -999, -999, -999, -999,
19841012, 1200, , TS, 17.3N,  143.8E,   35,  998, -999, -999, -999, -999, -999, -999, -999, -999, -999, -999, -999, -999,
19841012, 1800, , TD, 18.8N,  144.1E,   30,  999, -999, -999, -999, -999, -999, -999, -999, -999, -999, -999, -999, -999,
19841013, 0000, , TD, 20.0N,  144.6E,   25, 1001, -999, -999, -999, -999, -999, -999, -999, -999, -999, -999, -999, -999,
19841013, 0600, , DB, 21.0N,  145.1E,   25, 1002, -999, -999, -999, -999, -999, -999, -999, -999, -999, -999, -999, -999,