WP, 22, 2004082600,   , BEST,   0, 108N, 1709E,  20, 1009, DB,   0,    ,    0,    0,    0,    0, 
WP, 22, 2004082606,   , BEST,   0, 108N, 1702E,  20, 1008, DB,   0,    ,    0,    0,    0,    0, 
WP, 22, 2004082612,   , BEST,   0, 106N, 1695E,  20, 1007, DB,   0,    ,    0,    0,    0,    0, 1008,  120,  40,   0,   0, 
WP, 22, 2004082618,   , BEST,   0, 106N, 1688E,  25, 1006, DB,   0,    ,    0,    0,    0,    0, 1009,  120,   0,   0,   0, 
WP, 22, 2004082700,   , BEST,   0, 104N, 1681E,  30, 1005, DB,   0,    ,    0,    0,    0,    0, 1010,  120,   0,   0,   0, 
WP, 22, 2004082706,   , BEST,   0, 107N, 1674E,  35, 1004, DB,   0,    ,    0,    0,    0,    0, 1006,  120,  40,   0,   0, 
WP, 22, 2004082712,   , BEST,   0, 109N, 1666E,  35, 1003, TS,   0,    ,    0,    0,    0,    0,    0,    0,   0,  35,   0, 
WP, 22, 2004082718,   , BEST,   0, 111N, 1658E,  40, 1002, TS,   0,    ,    0,    0,    0,    0,    0,    0,   0,  45,   0, 
WP, 22, 2004082800,   , BEST,   0, 114N, 1649E,  45,  999, TS,  34, NEQ,   40,   40,   40,   40,    0,    0,   0,  50,   0, 
WP, 22, 2004082806,   , BEST,   0, 120N, 1639E,  55,  993, TS,  34, NEQ,   60,   60,  100,   80,    0,    0,   0,  70,   0, 
WP, 22, 2004082812,   , BEST,   0, 124N, 1629E,  60,  990, TS,  34, NEQ,  100,   80,   80,  100,    0,    0,   0,  75,   0, 
WP, 22, 2004082818,   , BEST,   0, 128N, 1616E,  65,  987, TY,  34, NEQ,  100,   80,   80,  100,    0,    0,   0,  75,   0, 
WP, 22, 2004082900,   , BEST,   0, 132N, 1602E,  65,  988, TY,  34, NEQ,  100,   80,   80,  100,    0,    0,   0,  75,   0, 
WP, 22, 2004082906,   , BEST,   0, 137N, 1587E,  65,  988, TY,  34, NEQ,  100,   80,   80,  100,    0,    0,   0,  85,   0, 
WP, 22, 2004082912,   , BEST,   0, 142N, 1572E,  70,  985, TY,  34, NEQ,  100,   80,   80,  100,    0,    0,   0,  85,   0, 
WP, 22, 2004082918,   , BEST,   0, 146N, 1557E,  70,  984, TY,  34, NEQ,  100,   80,   80,  100,    0,    0,   0,  85,   0, 
WP, 22, 2004083000,   , BEST,   0, 150N, 1543E,  70,  983, TY,  34, NEQ,  100,   80,   80,  100,    0,    0,   0,  90,   0, 
WP, 22, 2004083006,   , BEST,   0, 154N, 1529E,  80,  975, TY,  34, NEQ,  170,  170,  170,  170,    0,    0,   0,  90,   0, 
WP, 22, 2004083012,   , BEST,   0, 157N, 1515E,  90,  969, TY,  34, NEQ,  160,  160,  180,  180,    0,    0,   0, 105,   0, 
WP, 22, 2004083018,   , BEST,   0, 160N, 1505E, 100,  960, TY,  34, NEQ,  160,  180,  180,  180,    0,    0,   0, 115,   0, 
WP, 22, 2004083100,   , BEST,   0, 163N, 1495E, 110,  951, TY,  34, NEQ,  140,  160,  150,  120,    0,    0,   0, 130,   0, 
WP, 22, 2004083106,   , BEST,   0, 167N, 1485E, 125,  935, TY,  34, NEQ,  135,  170,  170,  150,    0,    0,   0, 145,   0, 
WP, 22, 2004083112,   , BEST,   0, 174N, 1477E, 130,  928, ST,  34, NEQ,  125,  130,  180,  150,    0,    0,   0, 150,   0, 
WP, 22, 2004083118,   , BEST,   0, 179N, 1468E, 125,  932, TY,  34, NEQ,  150,  150,  180,  150,    0,    0,   0, 160,   0, 
WP, 22, 2004090100,   , BEST,   0, 186N, 1461E, 120,  936, TY,  34, NEQ,  150,  130,  180,  150,    0,    0,   0, 150,   0, 
WP, 22, 2004090106,   , BEST,   0, 197N, 1452E, 120,  937, TY,  34, NEQ,  120,  120,  120,  120,    0,    0,   0, 150,   0, 
WP, 22, 2004090112,   , BEST,   0, 202N, 1437E, 125,  933, TY,  34, NEQ,  150,  150,  150,  150,    0,    0,   0, 150,   0, 
WP, 22, 2004090118,   , BEST,   0, 208N, 1423E, 120,  936, TY,  34, NEQ,  150,  150,  150,  150,    0,    0,   0, 150,   0, 
WP, 22, 2004090200,   , BEST,   0, 212N, 1410E, 115,  939, TY,  34, NEQ,  150,  150,  150,  150,    0,    0,   0, 145,   0, 
WP, 22, 2004090206,   , BEST,   0, 215N, 1398E, 115,  940, TY,  34, NEQ,   80,  150,  150,   80,    0,    0,   0, 135,   0, 
WP, 22, 2004090212,   , BEST,   0, 218N, 1385E, 110,  941, TY,  34, NEQ,  110,  150,  150,  110,    0,    0,   0, 130,   0, 
WP, 22, 2004090218,   , BEST,   0, 219N, 1374E, 105,  943, TY,  34, NEQ,  110,  150,  150,  110,    0,    0,   0, 135,   0, 
WP, 22, 2004090300,   , BEST,   0, 220N, 1363E, 100,  945, TY,  34, NEQ,  125,  140,  140,  125,    0,    0,   0, 135,   0, 
WP, 22, 2004090306,   , BEST,   0, 222N, 1352E, 105,  940, TY,  34, NEQ,  125,  150,  150,  125,    0,    0,   0, 140,   0, 
WP, 22, 2004090312,   , BEST,   0, 223N, 1341E, 115,  932, TY,  34, NEQ,  125,  140,  140,  125,    0,    0,   0, 145,   0, 
WP, 22, 2004090318,   , BEST,   0, 228N, 1332E, 120,  928, TY,  34, NEQ,  180,  200,  200,  180,    0,    0,   0, 145,   0, 
WP, 22, 2004090400,   , BEST,   0, 233N, 1321E, 125,  924, TY,  34, NEQ,  180,  200,  200,  180,    0,    0,   0, 145,   0, 
WP, 22, 2004090406,   , BEST,   0, 240N, 1312E, 135,  915, ST,  34, NEQ,  170,  190,  190,  170,    0,    0,   0, 145,   0, 
WP, 22, 2004090412,   , BEST,   0, 245N, 1304E, 125,  919, TY,  34, NEQ,  180,  180,  150,  150,    0,    0,   0, 150,   0, 
WP, 22, 2004090418,   , BEST,   0, 250N, 1296E, 120,  922, TY,  34, NEQ,  180,  180,  150,  150,    0,    0,   0, 150,   0, 
WP, 22, 2004090500,   , BEST,   0, 256N, 1290E, 120,  923, TY,  34, NEQ,  170,  170,  170,  120,    0,    0,   0, 145,   0, 
WP, 22, 2004090506,   , BEST,   0, 262N, 1283E, 120,  924, TY,  34, NEQ,  180,  150,  150,  180,    0,    0,   0, 140,   0, 
WP, 22, 2004090512,   , BEST,   0, 270N, 1279E, 110,  929, TY,  34, NEQ,  180,  150,  150,  180,    0,    0,   0, 135,   0, 
WP, 22, 2004090518,   , BEST,   0, 276N, 1271E, 105,  933, TY,  34, NEQ,  180,  160,  160,  180,    0,    0,   0, 135,   0, 
WP, 22, 2004090600,   , BEST,   0, 284N, 1271E, 100,  937, TY,  34, NEQ,  180,  180,  160,  160,    0,    0,   0, 125,   0, 
WP, 22, 2004090606,   , BEST,   0, 292N, 1269E, 100,  938, TY,  34, NEQ,  180,  180,  180,  150,    0,    0,   0, 115,   0, 
WP, 22, 2004090612,   , BEST,   0, 300N, 1274E,  95,  940, TY,  34, NEQ,  180,  135,  135,  150,    0,    0,   0, 110,   0, 
WP, 22, 2004090618,   , BEST,   0, 311N, 1280E,  90,  942, TY,  34, NEQ,  160,  140,  150,  150,    0,    0,   0, 110,   0, 
WP, 22, 2004090700,   , BEST,   0, 326N, 1294E,  90,  943, TY,  34, NEQ,  120,  150,  150,  170,    0,    0,   0, 110,   0, 
WP, 22, 2004090706,   , BEST,   0, 353N, 1322E,  75,  950, TY,  34, NEQ,  130,  140,  150,  140,    0,    0,   0, 105,   0, 
WP, 22, 2004090712,   , BEST,   0, 388N, 1359E,  60,  962, EX,  34, NEQ,  120,  110,  115,  110,    0,    0,   0,  85,   0, 
WP, 22, 2004090718,   , BEST,   0, 420N, 1400E,  55,  965, EX,  34, NEQ,  120,  110,  115,  110,    0,    0,   0,  55,   0, 
WP, 22, 2004090800,   , BEST,   0, 447N, 1402E,  50,  969, EX,  34, NEQ,  120,  110,  115,  110, 