19861106, 1200, , DB, 12.8N,  125.9E,   25, 1008, -999, -999, -999, -999, -999, -999, -999, -999, -999, -999, -999, -999,
19861106, 1800, , DB, 12.7N,  124.6E,   25, 1007, -999, -999, -999, -999, -999, -999, -999, -999, -999, -999, -999, -999,
19861107, 0000, , TD, 12.6N,  123.7E,   30, 1004, -999, -999, -999, -999, -999, -999, -999, -999, -999, -999, -999, -999,
19861107, 0600, , TS, 12.6N,  122.7E,   35, 1001, -999, -999, -999, -999, -999, -999, -999, -999, -999, -999, -999, -999,
19861107, 1200, , TS, 12.9N,  121.8E,   35, 1002, -999, -999, -999, -999, -999, -999, -999, -999, -999, -999, -999, -999,
19861107, 1800, , TS, 13.2N,  120.9E,   35, 1003, -999, -999, -999, -999, -999, -999, -999, -999, -999, -999, -999, -999,
19861108, 0000, , TS, 13.1N,  119.9E,   40, 1000, -999, -999, -999, -999, -999, -999, -999, -999, -999, -999, -999, -999,
19861108, 0600, , TS, 13.4N,  119.0E,   45,  997, -999, -999, -999, -999, -999, -999, -999, -999, -999, -999, -999, -999,
19861108, 1200, , TS, 13.9N,  118.2E,   50,  994, -999, -999, -999, -999, -999, -999, -999, -999, -999, -999, -999, -999,
19861108, 1800, , TS, 14.2N,  117.6E,   55,  991, -999, -999, -999, -999, -999, -999, -999, -999, -999, -999, -999, -999,
19861109, 0000, , HU, 14.2N,  116.9E,   65,  985, -999, -999, -999, -999, -999, -999, -999, -999, -999, -999, -999, -999,
19861109, 0600, , TS, 14.0N,  116.2E,   60,  988, -999, -999, -999, -999, -999, -999, -999, -999, -999, -999, -999, -999,
19861109, 1200, , TS, 13.8N,  115.5E,   55,  992, -999, -999, -999, -999, -999, -999, -999, -999, -999, -999, -999, -999,
19861109, 1800, , TS, 13.7N,  114.8E,   60,  988, -999, -999, -999, -999, -999, -999, -999, -999, -999, -999, -999, -999,
19861110, 0000, , TS, 13.6N,  114.0E,   55,  992, -999, -999, -999, -999, -999, -999, -999, -999, -999, -999, -999, -999,
19861110, 0600, , TS, 13.6N,  113.1E,   55,  993, -999, -999, -999, -999, -999, -999, -999, -999, -999, -999, -999, -999,
19861110, 1200, , TS, 13.6N,  112.2E,   45,  999, -999, -999, -999, -999, -999, -999, -999, -999, -999, -999, -999, -999,
19861110, 1800, , TS, 13.7N,  111.7E,   40, 1002, -999, -999, -999, -999, -999, -999, -999, -999, -999, -999, -999, -999,
19861111, 0000, , TS, 13.8N,  111.2E,   40, 1001, -999, -999, -999, -999, -999, -999, -999, -999, -999, -999, -999, -999,
19861111, 0600, , TS, 13.9N,  110.6E,   35, 1004, -999, -999, -999, -999, -999, -999, -999, -999, -999, -999, -999, -999,
19861111, 1200, , DB, 14.2N,  110.1E,   35, 1005, -999, -999, -999, -999, -999, -999, -999, -999, -999, -999, -999, -999,
19861111, 1800, , DB, 14.4N,  109.4E,   30, 1007, -999, -999, -999, -999, -999, -999, -999, -999, -999, -999, -999, -999,