WP, 23, 2004090318,   , BEST,   0, 140N, 1556E,  30, 1005, DB,   0,    ,    0,    0,    0,    0, 
WP, 23, 2004090400,   , BEST,   0, 149N, 1535E,  35, 1003, TS,   0,    ,    0,    0,    0,    0, 
WP, 23, 2004090406,   , BEST,   0, 158N, 1527E,  40, 1000, TS,   0,    ,    0,    0,    0,    0, 1008,   80,  30,   0,   0, 
WP, 23, 2004090412,   , BEST,   0, 164N, 1516E,  45,  997, TS,   0,    ,    0,    0,    0,    0, 1008,   80,  30,   0,   0, 
WP, 23, 2004090418,   , BEST,   0, 168N, 1501E,  55,  991, TS,   0,    ,    0,    0,    0,    0,    0,    0,   0,  40,   0, 
WP, 23, 2004090500,   , BEST,   0, 174N, 1485E,  65,  985, TY,  34, NEQ,   70,   60,   60,   70,    0,    0,   0,  55,   0, 
WP, 23, 2004090506,   , BEST,   0, 181N, 1472E,  70,  982, TY,  34, NEQ,   90,   60,   60,   60,    0,    0,   0,  70,   0, 
WP, 23, 2004090512,   , BEST,   0, 187N, 1458E,  70,  981, TY,  34, NEQ,   90,   60,   60,   60,    0,    0,   0,  75,   0, 
WP, 23, 2004090518,   , BEST,   0, 190N, 1442E,  75,  979, TY,  34, NEQ,   90,   70,   70,   90, 
WP, 23, 2004090600,   , BEST,   0, 194N, 1427E,  70,  981, TY,  34, NEQ,   90,   70,   70,   90,    0,    0,   0,  75,   0, 
WP, 23, 2004090606,   , BEST,   0, 198N, 1415E,  65,  984, TY,  34, NEQ,  100,   60,   60,   60,    0,    0,   0,  75,   0, 
WP, 23, 2004090612,   , BEST,   0, 204N, 1404E,  60,  987, TS,  34, NEQ,   60,   60,   60,   60,    0,    0,   0,  75,   0, 
WP, 23, 2004090618,   , BEST,   0, 211N, 1393E,  55,  990, TS,  34, NEQ,   60,   60,   80,   60,    0,    0,   0,  65,   0, 
WP, 23, 2004090700,   , BEST,   0, 220N, 1387E,  50,  993, TS,  34, NEQ,   60,   60,   80,   60,    0,    0,   0,  65,   0, 
WP, 23, 2004090706,   , BEST,   0, 230N, 1381E,  40,  999, TS,  34, NEQ,   60,   60,   80,   60,    0,    0,   0,  55,   0, 
WP, 23, 2004090712,   , BEST,   0, 240N, 1379E,  30, 1003, DB,  34, NEQ,   35,   35,   50,   35,    0,    0,   0,  45,   0, 
WP, 23, 2004090718,   , BEST,   0, 250N, 1376E,  30, 1004, DB,   0,    ,    0,    0,    0,    0,    0,    0,   0,  40,   0, 
WP, 23, 2004090800,   , BEST,   0, 260N, 1374E,  25, 1005, DB,   0,    ,    0,    0,    0,    0, 
WP, 23, 2004090806,   , BEST,   0, 270N, 1373E,  20, 1006, DB,   0,    ,    0,    0,    0,    0, 