19861110, 1800, , DB,  6.0N,  133.5E,   30, 1005, -999, -999, -999, -999, -999, -999, -999, -999, -999, -999, -999, -999,
19861111, 0000, , DB,  6.4N,  132.6E,   30, 1004, -999, -999, -999, -999, -999, -999, -999, -999, -999, -999, -999, -999,
19861111, 0600, , DB,  6.8N,  131.6E,   30, 1003, -999, -999, -999, -999, -999, -999, -999, -999, -999, -999, -999, -999,
19861111, 1200, , TS,  7.4N,  130.5E,   35,  999, -999, -999, -999, -999, -999, -999, -999, -999, -999, -999, -999, -999,
19861111, 1800, , TS,  8.0N,  129.4E,   45,  993, -999, -999, -999, -999, -999, -999, -999, -999, -999, -999, -999, -999,
19861112, 0000, , TS,  8.6N,  128.2E,   50,  990, -999, -999, -999, -999, -999, -999, -999, -999, -999, -999, -999, -999,
19861112, 0600, , TS,  9.2N,  127.1E,   45,  993, -999, -999, -999, -999, -999, -999, -999, -999, -999, -999, -999, -999,
19861112, 1200, , TS,  9.9N,  126.1E,   40,  996, -999, -999, -999, -999, -999, -999, -999, -999, -999, -999, -999, -999,
19861112, 1800, , TS, 10.7N,  124.9E,   35,  999, -999, -999, -999, -999, -999, -999, -999, -999, -999, -999, -999, -999,
19861113, 0000, , TD, 11.8N,  123.7E,   30, 1002, -999, -999, -999, -999, -999, -999, -999, -999, -999, -999, -999, -999,
19861113, 0600, , TS, 12.8N,  122.2E,   35, 1000, -999, -999, -999, -999, -999, -999, -999, -999, -999, -999, -999, -999,
19861113, 1200, , TS, 13.4N,  120.6E,   35, 1001, -999, -999, -999, -999, -999, -999, -999, -999, -999, -999, -999, -999,
19861113, 1800, , TS, 13.8N,  119.2E,   40,  998, -999, -999, -999, -999, -999, -999, -999, -999, -999, -999, -999, -999,
19861114, 0000, , TS, 14.0N,  118.0E,   40,  997, -999, -999, -999, -999, -999, -999, -999, -999, -999, -999, -999, -999,
19861114, 0600, , TS, 14.7N,  116.8E,   45,  995, -999, -999, -999, -999, -999, -999, -999, -999, -999, -999, -999, -999,
19861114, 1200, , TS, 15.7N,  115.9E,   50,  993, -999, -999, -999, -999, -999, -999, -999, -999, -999, -999, -999, -999,
19861114, 1800, , TS, 16.7N,  115.1E,   60,  989, -999, -999, -999, -999, -999, -999, -999, -999, -999, -999, -999, -999,
19861115, 0000, , HU, 17.8N,  114.2E,   70,  985, -999, -999, -999, -999, -999, -999, -999, -999, -999, -999, -999, -999,
19861115, 0600, , TS, 18.5N,  113.9E,   60,  989, -999, -999, -999, -999, -999, -999, -999, -999, -999, -999, -999, -999,
19861115, 1200, , TS, 19.5N,  114.2E,   55,  991, -999, -999, -999, -999, -999, -999, -999, -999, -999, -999, -999, -999,
19861115, 1800, , TS, 20.2N,  115.0E,   45,  995, -999, -999, -999, -999, -999, -999, -999, -999, -999, -999, -999, -999,
19861116, 0000, , TS, 20.0N,  116.0E,   35,  999, -999, -999, -999, -999, -999, -999, -999, -999, -999, -999, -999, -999,
19861116, 0600, , DB, 19.3N,  116.4E,   30, 1002, -999, -999, -999, -999, -999, -999, -999, -999, -999, -999, -999, -999,