19861117, 0600, , DB,  9.8N,  132.4E,   25, 1008, -999, -999, -999, -999, -999, -999, -999, -999, -999, -999, -999, -999,
19861117, 1200, , DB, 10.3N,  131.5E,   25, 1007, -999, -999, -999, -999, -999, -999, -999, -999, -999, -999, -999, -999,
19861117, 1800, , DB, 11.1N,  130.7E,   25, 1006, -999, -999, -999, -999, -999, -999, -999, -999, -999, -999, -999, -999,
19861118, 0000, , TD, 11.9N,  130.2E,   30, 1005, -999, -999, -999, -999, -999, -999, -999, -999, -999, -999, -999, -999,
19861118, 0600, , TS, 12.5N,  129.7E,   35, 1003, -999, -999, -999, -999, -999, -999, -999, -999, -999, -999, -999, -999,
19861118, 1200, , TS, 12.9N,  128.9E,   40, 1000, -999, -999, -999, -999, -999, -999, -999, -999, -999, -999, -999, -999,
19861118, 1800, , TS, 13.6N,  128.0E,   50,  994, -999, -999, -999, -999, -999, -999, -999, -999, -999, -999, -999, -999,
19861119, 0000, , TS, 13.7N,  127.1E,   55,  991, -999, -999, -999, -999, -999, -999, -999, -999, -999, -999, -999, -999,
19861119, 0600, , HU, 13.8N,  126.1E,   65,  986, -999, -999, -999, -999, -999, -999, -999, -999, -999, -999, -999, -999,
19861119, 1200, , HU, 14.3N,  125.4E,   70,  984, -999, -999, -999, -999, -999, -999, -999, -999, -999, -999, -999, -999,
19861119, 1800, , HU, 14.8N,  124.8E,   75,  980, -999, -999, -999, -999, -999, -999, -999, -999, -999, -999, -999, -999,
19861120, 0000, , HU, 15.4N,  124.4E,   80,  975, -999, -999, -999, -999, -999, -999, -999, -999, -999, -999, -999, -999,
19861120, 0600, , HU, 16.1N,  124.2E,   90,  967, -999, -999, -999, -999, -999, -999, -999, -999, -999, -999, -999, -999,
19861120, 1200, , HU, 16.7N,  124.1E,  100,  960, -999, -999, -999, -999, -999, -999, -999, -999, -999, -999, -999, -999,
19861120, 1800, , HU, 17.4N,  123.9E,  110,  950, -999, -999, -999, -999, -999, -999, -999, -999, -999, -999, -999, -999,
19861121, 0000, , HU, 18.1N,  123.9E,  120,  941, -999, -999, -999, -999, -999, -999, -999, -999, -999, -999, -999, -999,
19861121, 0600, , HU, 18.9N,  123.9E,  120,  939, -999, -999, -999, -999, -999, -999, -999, -999, -999, -999, -999, -999,
19861121, 1200, , HU, 19.6N,  123.9E,  115,  944, -999, -999, -999, -999, -999, -999, -999, -999, -999, -999, -999, -999,
19861121, 1800, , HU, 20.2N,  124.0E,  110,  948, -999, -999, -999, -999, -999, -999, -999, -999, -999, -999, -999, -999,
19861122, 0000, , HU, 20.7N,  124.1E,  105,  953, -999, -999, -999, -999, -999, -999, -999, -999, -999, -999, -999, -999,
19861122, 0600, , HU, 21.2N,  124.2E,   95,  962, -999, -999, -999, -999, -999, -999, -999, -999, -999, -999, -999, -999,
19861122, 1200, , HU, 21.6N,  124.4E,   85,  970, -999, -999, -999, -999, -999, -999, -999, -999, -999, -999, -999, -999,
19861122, 1800, , HU, 22.1N,  124.6E,   75,  978, -999, -999, -999, -999, -999, -999, -999, -999, -999, -999, -999, -999,
19861123, 0000, , HU, 22.5N,  124.9E,   70,  982, -999, -999, -999, -999, -999, -999, -999, -999, -999, -999, -999, -999,
19861123, 0600, , TS, 22.9N,  125.1E,   60,  990, -999, -999, -999, -999, -999, -999, -999, -999, -999, -999, -999, -999,
19861123, 1200, , TS, 23.3N,  125.5E,   55,  993, -999, -999, -999, -999, -999, -999, -999, -999, -999, -999, -999, -999,
19861123, 1800, , TS, 23.7N,  125.9E,   50,  996, -999, -999, -999, -999, -999, -999, -999, -999, -999, -999, -999, -999,
19861124, 0000, , TS, 24.0N,  126.3E,   45,  998, -999, -999, -999, -999, -999, -999, -999, -999, -999, -999, -999, -999,
19861124, 0600, , DB, 24.3N,  126.8E,   40, 1001, -999, -999, -999, -999, -999, -999, -999, -999, -999, -999, -999, -999,
19861124, 1200, , DB, 24.5N,  127.3E,   35, 1004, -999, -999, -999, -999, -999, -999, -999, -999, -999, -999, -999, -999,
19861124, 1800, , DB, 24.2N,  127.5E,   30, 1006, -999, -999, -999, -999, -999, -999, -999, -999, -999, -999, -999, -999,
19861125, 0000, , DB, 23.9N,  127.8E,   30, 1007, -999, -999, -999, -999, -999, -999, -999, -999, -999, -999, -999, -999,