19861127, 1200, , DB,  6.7N,  166.6E,   30, 1007, -999, -999, -999, -999, -999, -999, -999, -999, -999, -999, -999, -999,
19861127, 1800, , TD,  7.0N,  165.3E,   30, 1006, -999, -999, -999, -999, -999, -999, -999, -999, -999, -999, -999, -999,
19861128, 0000, , TS,  7.5N,  164.1E,   35, 1004, -999, -999, -999, -999, -999, -999, -999, -999, -999, -999, -999, -999,
19861128, 0600, , TS,  7.9N,  162.9E,   45,  998, -999, -999, -999, -999, -999, -999, -999, -999, -999, -999, -999, -999,
19861128, 1200, , TS,  8.4N,  161.8E,   50,  995, -999, -999, -999, -999, -999, -999, -999, -999, -999, -999, -999, -999,
19861128, 1800, , TS,  8.8N,  160.6E,   60,  989, -999, -999, -999, -999, -999, -999, -999, -999, -999, -999, -999, -999,
19861129, 0000, , HU,  9.1N,  159.4E,   70,  979, -999, -999, -999, -999, -999, -999, -999, -999, -999, -999, -999, -999,
19861129, 0600, , HU,  9.3N,  158.4E,   75,  976, -999, -999, -999, -999, -999, -999, -999, -999, -999, -999, -999, -999,
19861129, 1200, , HU,  9.4N,  157.5E,   80,  974, -999, -999, -999, -999, -999, -999, -999, -999, -999, -999, -999, -999,
19861129, 1800, , HU,  9.7N,  156.8E,   90,  966, -999, -999, -999, -999, -999, -999, -999, -999, -999, -999, -999, -999,
19861130, 0000, , HU, 10.1N,  156.0E,   95,  962, -999, -999, -999, -999, -999, -999, -999, -999, -999, -999, -999, -999,
19861130, 0600, , HU, 10.7N,  155.2E,   80,  973, -999, -999, -999, -999, -999, -999, -999, -999, -999, -999, -999, -999,
19861130, 1200, , HU, 11.4N,  154.3E,   85,  959, -999, -999, -999, -999, -999, -999, -999, -999, -999, -999, -999, -999,
19861130, 1800, , HU, 12.1N,  153.6E,   90,  965, -999, -999, -999, -999, -999, -999, -999, -999, -999, -999, -999, -999,
19861201, 0000, , HU, 13.1N,  152.8E,   95,  960, -999, -999, -999, -999, -999, -999, -999, -999, -999, -999, -999, -999,
19861201, 0600, , HU, 14.0N,  152.2E,  110,  949, -999, -999, -999, -999, -999, -999, -999, -999, -999, -999, -999, -999,
19861201, 1200, , HU, 14.7N,  151.4E,  125,  931, -999, -999, -999, -999, -999, -999, -999, -999, -999, -999, -999, -999,
19861201, 1800, , HU, 15.2N,  150.6E,  135,  924, -999, -999, -999, -999, -999, -999, -999, -999, -999, -999, -999, -999,
19861202, 0000, , HU, 15.6N,  149.8E,  140,  920, -999, -999, -999, -999, -999, -999, -999, -999, -999, -999, -999, -999,
19861202, 0600, , HU, 15.6N,  149.0E,  150,  912, -999, -999, -999, -999, -999, -999, -999, -999, -999, -999, -999, -999,
19861202, 1200, , HU, 15.5N,  148.2E,  150,  909, -999, -999, -999, -999, -999, -999, -999, -999, -999, -999, -999, -999,
19861202, 1500, , HU, 15.5N,  147.8E,  155,  905, -999, -999, -999, -999, -999, -999, -999, -999, -999, -999, -999, -999,
19861202, 1800, , HU, 15.5N,  147.4E,  155,  904, -999, -999, -999, -999, -999, -999, -999, -999, -999, -999, -999, -999,
19861203, 0000, , HU, 15.5N,  146.5E,  145,  914, -999, -999, -999, -999, -999, -999, -999, -999, -999, -999, -999, -999,
19861203, 0600, , HU, 15.5N,  145.4E,  135,  922, -999, -999, -999, -999, -999, -999, -999, -999, -999, -999, -999, -999,
19861203, 1200, , HU, 15.5N,  144.2E,  120,  932, -999, -999, -999, -999, -999, -999, -999, -999, -999, -999, -999, -999,
19861203, 1800, , HU, 15.7N,  143.0E,  125,  926, -999, -999, -999, -999, -999, -999, -999, -999, -999, -999, -999, -999,
19861204, 0000, , HU, 15.9N,  141.9E,  130,  922, -999, -999, -999, -999, -999, -999, -999, -999, -999, -999, -999, -999,
19861204, 0600, , HU, 16.5N,  141.1E,  135,  918, -999, -999, -999, -999, -999, -999, -999, -999, -999, -999, -999, -999,
19861204, 1200, , HU, 17.4N,  140.8E,  125,  922, -999, -999, -999, -999, -999, -999, -999, -999, -999, -999, -999, -999,
19861204, 1800, , HU, 17.6N,  140.4E,  110,  938, -999, -999, -999, -999, -999, -999, -999, -999, -999, -999, -999, -999,
19861205, 0000, , HU, 17.5N,  140.1E,   95,  945, -999, -999, -999, -999, -999, -999, -999, -999, -999, -999, -999, -999,
19861205, 0600, , HU, 17.5N,  139.9E,   90,  949, -999, -999, -999, -999, -999, -999, -999, -999, -999, -999, -999, -999,
19861205, 1200, , HU, 17.5N,  139.6E,   80,  955, -999, -999, -999, -999, -999, -999, -999, -999, -999, -999, -999, -999,
19861205, 1800, , HU, 17.4N,  138.9E,   75,  963, -999, -999, -999, -999, -999, -999, -999, -999, -999, -999, -999, -999,
19861206, 0000, , HU, 17.2N,  138.1E,   75,  965, -999, -999, -999, -999, -999, -999, -999, -999, -999, -999, -999, -999,
19861206, 0600, , HU, 17.2N,  137.1E,   85,  959, -999, -999, -999, -999, -999, -999, -999, -999, -999, -999, -999, -999,
19861206, 1200, , HU, 17.1N,  136.1E,   95,  954, -999, -999, -999, -999, -999, -999, -999, -999, -999, -999, -999, -999,
19861206, 1800, , HU, 17.2N,  135.1E,  105,  949, -999, -999, -999, -999, -999, -999, -999, -999, -999, -999, -999, -999,
19861207, 0000, , HU, 17.3N,  134.2E,  120,  941, -999, -999, -999, -999, -999, -999, -999, -999, -999, -999, -999, -999,
19861207, 0600, , HU, 17.3N,  133.4E,  115,  944, -999, -999, -999, -999, -999, -999, -999, -999, -999, -999, -999, -999,
19861207, 1200, , HU, 17.2N,  132.9E,  105,  953, -999, -999, -999, -999, -999, -999, -999, -999, -999, -999, -999, -999,
19861207, 1800, , HU, 16.9N,  132.7E,   90,  964, -999, -999, -999, -999, -999, -999, -999, -999, -999, -999, -999, -999,
19861208, 0000, , HU, 16.6N,  132.6E,   80,  969, -999, -999, -999, -999, -999, -999, -999, -999, -999, -999, -999, -999,
19861208, 0600, , HU, 16.2N,  132.5E,   70,  976, -999, -999, -999, -999, -999, -999, -999, -999, -999, -999, -999, -999,
19861208, 1200, , HU, 15.9N,  132.4E,   65,  980, -999, -999, -999, -999, -999, -999, -999, -999, -999, -999, -999, -999,
19861208, 1800, , HU, 15.9N,  132.6E,   70,  977, -999, -999, -999, -999, -999, -999, -999, -999, -999, -999, -999, -999,
19861209, 0000, , HU, 16.1N,  132.6E,   70,  978, -999, -999, -999, -999, -999, -999, -999, -999, -999, -999, -999, -999,
19861209, 0600, , HU, 16.1N,  132.3E,   65,  981, -999, -999, -999, -999, -999, -999, -999, -999, -999, -999, -999, -999,
19861209, 1200, , TS, 16.2N,  132.1E,   60,  984, -999, -999, -999, -999, -999, -999, -999, -999, -999, -999, -999, -999,
19861209, 1800, , TS, 16.3N,  132.0E,   55,  987, -999, -999, -999, -999, -999, -999, -999, -999, -999, -999, -999, -999,
19861210, 0000, , TS, 16.3N,  131.9E,   50,  990, -999, -999, -999, -999, -999, -999, -999, -999, -999, -999, -999, -999,
19861210, 0600, , TS, 16.5N,  131.8E,   45,  993, -999, -999, -999, -999, -999, -999, -999, -999, -999, -999, -999, -999,
19861210, 1200, , TS, 16.7N,  131.6E,   40,  996, -999, -999, -999, -999, -999, -999, -999, -999, -999, -999, -999, -999,
19861210, 1800, , TS, 17.3N,  131.3E,   35,  999, -999, -999, -999, -999, -999, -999, -999, -999, -999, -999, -999, -999,
19861211, 0000, , TD, 17.8N,  131.1E,   30, 1000, -999, -999, -999, -999, -999, -999, -999, -999, -999, -999, -999, -999,
19861211, 0600, , TD, 18.1N,  130.5E,   30, 1001, -999, -999, -999, -999, -999, -999, -999, -999, -999, -999, -999, -999,
19861211, 1200, , TD, 18.4N,  129.8E,   25, 1002, -999, -999, -999, -999, -999, -999, -999, -999, -999, -999, -999, -999,
19861211, 1800, , TD, 18.7N,  129.2E,   25, 1003, -999, -999, -999, -999, -999, -999, -999, -999, -999, -999, -999, -999,
19861212, 0000, , TD, 19.2N,  128.5E,   25, 1002, -999, -999, -999, -999, -999, -999, -999, -999, -999, -999, -999, -999,
19861212, 0600, , TD, 19.8N,  127.6E,   25, 1002, -999, -999, -999, -999, -999, -999, -999, -999, -999, -999, -999, -999,
19861212, 1200, , TD, 20.3N,  126.5E,   25, 1003, -999, -999, -999, -999, -999, -999, -999, -999, -999, -999, -999, -999,
19861212, 1800, , DB, 21.4N,  125.7E,   20, 1004, -999, -999, -999, -999, -999, -999, -999, -999, -999, -999, -999, -999,
19861213, 0000, , DB, 22.5N,  125.0E,   20, 1005, -999, -999, -999, -999, -999, -999, -999, -999, -999, -999, -999, -999,