19841022, 0000, , DB,  7.5N,  159.2E,   25, 1007, -999, -999, -999, -999, -999, -999, -999, -999, -999, -999, -999, -999,
19841022, 0600, , DB,  8.1N,  157.8E,   25, 1006, -999, -999, -999, -999, -999, -999, -999, -999, -999, -999, -999, -999,
19841022, 1200, , TD,  8.6N,  156.4E,   30, 1005, -999, -999, -999, -999, -999, -999, -999, -999, -999, -999, -999, -999,
19841022, 1800, , TS,  9.1N,  154.9E,   35, 1002, -999, -999, -999, -999, -999, -999, -999, -999, -999, -999, -999, -999,
19841023, 0000, , TS,  9.4N,  153.4E,   40,  999, -999, -999, -999, -999, -999, -999, -999, -999, -999, -999, -999, -999,
19841023, 0600, , TS,  9.8N,  152.0E,   45,  996, -999, -999, -999, -999, -999, -999, -999, -999, -999, -999, -999, -999,
19841023, 1200, , TS, 10.1N,  150.5E,   55,  991, -999, -999, -999, -999, -999, -999, -999, -999, -999, -999, -999, -999,
19841023, 1800, , HU, 10.4N,  149.0E,   65,  985, -999, -999, -999, -999, -999, -999, -999, -999, -999, -999, -999, -999,
19841024, 0000, , HU, 10.8N,  147.4E,   65,  984, -999, -999, -999, -999, -999, -999, -999, -999, -999, -999, -999, -999,
19841024, 0600, , HU, 11.3N,  145.8E,   65,  983, -999, -999, -999, -999, -999, -999, -999, -999, -999, -999, -999, -999,
19841024, 1200, , HU, 11.8N,  144.0E,   75,  977, -999, -999, -999, -999, -999, -999, -999, -999, -999, -999, -999, -999,
19841024, 1800, , HU, 12.3N,  142.2E,   90,  969, -999, -999, -999, -999, -999, -999, -999, -999, -999, -999, -999, -999,
19841025, 0000, , HU, 12.8N,  140.4E,  110,  945, -999, -999, -999, -999, -999, -999, -999, -999, -999, -999, -999, -999,
19841025, 0600, , HU, 13.4N,  138.7E,  120,  934, -999, -999, -999, -999, -999, -999, -999, -999, -999, -999, -999, -999,
19841025, 1200, , HU, 14.1N,  137.1E,  140,  910, -999, -999, -999, -999, -999, -999, -999, -999, -999, -999, -999, -999,
19841025, 1800, , HU, 14.8N,  135.5E,  150,  900, -999, -999, -999, -999, -999, -999, -999, -999, -999, -999, -999, -999,
19841026, 0000, , HU, 15.3N,  134.0E,  160,  890, -999, -999, -999, -999, -999, -999, -999, -999, -999, -999, -999, -999,
19841026, 0600, , HU, 15.7N,  132.7E,  165,  885, -999, -999, -999, -999, -999, -999, -999, -999, -999, -999, -999, -999,
19841026, 0900, , HU, 15.8N,  132.2E,  170,  882, -999, -999, -999, -999, -999, -999, -999, -999, -999, -999, -999, -999,
19841026, 1200, , HU, 16.0N,  131.7E,  170,  879, -999, -999, -999, -999, -999, -999, -999, -999, -999, -999, -999, -999,
19841026, 1800, , HU, 16.5N,  130.9E,  165,  884, -999, -999, -999, -999, -999, -999, -999, -999, -999, -999, -999, -999,
19841027, 0000, , HU, 17.2N,  130.3E,  155,  895, -999, -999, -999, -999, -999, -999, -999, -999, -999, -999, -999, -999,
19841027, 0600, , HU, 17.9N,  129.8E,  150,  900, -999, -999, -999, -999, -999, -999, -999, -999, -999, -999, -999, -999,
19841027, 1200, , HU, 18.8N,  129.4E,  145,  905, -999, -999, -999, -999, -999, -999, -999, -999, -999, -999, -999, -999,
19841027, 1800, , HU, 19.7N,  129.3E,  145,  908, -999, -999, -999, -999, -999, -999, -999, -999, -999, -999, -999, -999,
19841028, 0000, , HU, 20.6N,  129.5E,  140,  912, -999, -999, -999, -999, -999, -999, -999, -999, -999, -999, -999, -999,
19841028, 0600, , HU, 21.4N,  130.1E,  135,  916, -999, -999, -999, -999, -999, -999, -999, -999, -999, -999, -999, -999,
19841028, 1200, , HU, 22.2N,  131.1E,  120,  930, -999, -999, -999, -999, -999, -999, -999, -999, -999, -999, -999, -999,
19841028, 1800, , HU, 22.9N,  132.4E,  125,  926, -999, -999, -999, -999, -999, -999, -999, -999, -999, -999, -999, -999,
19841029, 0000, , HU, 23.5N,  134.1E,  130,  923, -999, -999, -999, -999, -999, -999, -999, -999, -999, -999, -999, -999,
19841029, 0600, , HU, 24.2N,  136.0E,  120,  930, -999, -999, -999, -999, -999, -999, -999, -999, -999, -999, -999, -999,
19841029, 1200, , HU, 25.2N,  138.1E,  110,  940, -999, -999, -999, -999, -999, -999, -999, -999, -999, -999, -999, -999,
19841029, 1800, , HU, 26.5N,  140.3E,   95,  955, -999, -999, -999, -999, -999, -999, -999, -999, -999, -999, -999, -999,
19841030, 0000, , HU, 28.3N,  143.0E,   80,  962, -999, -999, -999, -999, -999, -999, -999, -999, -999, -999, -999, -999,
19841030, 0600, , HU, 30.2N,  146.6E,   70,  968, -999, -999, -999, -999, -999, -999, -999, -999, -999, -999, -999, -999,
19841030, 1200, , EX, 32.8N,  149.1E,   65,  969, -999, -999, -999, -999, -999, -999, -999, -999, -999, -999, -999, -999,