19861214, 0600, , DB,  7.3N,  160.0E,   25, 1009, -999, -999, -999, -999, -999, -999, -999, -999, -999, -999, -999, -999,
19861214, 1200, , DB,  7.0N,  158.6E,   30, 1008, -999, -999, -999, -999, -999, -999, -999, -999, -999, -999, -999, -999,
19861214, 1800, , TD,  7.2N,  157.3E,   30, 1007, -999, -999, -999, -999, -999, -999, -999, -999, -999, -999, -999, -999,
19861215, 0000, , TS,  7.3N,  155.9E,   35, 1005, -999, -999, -999, -999, -999, -999, -999, -999, -999, -999, -999, -999,
19861215, 0600, , TS,  7.7N,  154.6E,   40, 1003, -999, -999, -999, -999, -999, -999, -999, -999, -999, -999, -999, -999,
19861215, 1200, , TS,  8.2N,  153.3E,   45, 1001, -999, -999, -999, -999, -999, -999, -999, -999, -999, -999, -999, -999,
19861215, 1800, , TS,  8.5N,  152.0E,   50,  998, -999, -999, -999, -999, -999, -999, -999, -999, -999, -999, -999, -999,
19861216, 0000, , TS,  8.9N,  150.7E,   55,  996, -999, -999, -999, -999, -999, -999, -999, -999, -999, -999, -999, -999,
19861216, 0600, , TS,  9.3N,  149.5E,   60,  993, -999, -999, -999, -999, -999, -999, -999, -999, -999, -999, -999, -999,
19861216, 1200, , HU,  9.7N,  148.4E,   65,  990, -999, -999, -999, -999, -999, -999, -999, -999, -999, -999, -999, -999,
19861216, 1800, , HU, 10.2N,  147.2E,   70,  987, -999, -999, -999, -999, -999, -999, -999, -999, -999, -999, -999, -999,
19861217, 0000, , HU, 10.4N,  146.2E,   70,  986, -999, -999, -999, -999, -999, -999, -999, -999, -999, -999, -999, -999,
19861217, 0600, , HU, 10.5N,  145.3E,   75,  983, -999, -999, -999, -999, -999, -999, -999, -999, -999, -999, -999, -999,
19861217, 1200, , HU, 10.6N,  144.7E,   70,  986, -999, -999, -999, -999, -999, -999, -999, -999, -999, -999, -999, -999,
19861217, 1800, , HU, 10.8N,  144.0E,   70,  985, -999, -999, -999, -999, -999, -999, -999, -999, -999, -999, -999, -999,
19861218, 0000, , HU, 10.6N,  143.2E,   80,  979, -999, -999, -999, -999, -999, -999, -999, -999, -999, -999, -999, -999,
19861218, 0600, , HU, 10.5N,  142.0E,   75,  983, -999, -999, -999, -999, -999, -999, -999, -999, -999, -999, -999, -999,
19861218, 1200, , HU, 10.5N,  140.9E,   70,  987, -999, -999, -999, -999, -999, -999, -999, -999, -999, -999, -999, -999,
19861218, 1800, , HU, 10.5N,  140.0E,   80,  977, -999, -999, -999, -999, -999, -999, -999, -999, -999, -999, -999, -999,
19861219, 0000, , HU, 10.8N,  139.2E,   85,  973, -999, -999, -999, -999, -999, -999, -999, -999, -999, -999, -999, -999,
19861219, 0600, , HU, 11.1N,  138.0E,   85,  972, -999, -999, -999, -999, -999, -999, -999, -999, -999, -999, -999, -999,
19861219, 1200, , HU, 11.6N,  136.8E,   95,  962, -999, -999, -999, -999, -999, -999, -999, -999, -999, -999, -999, -999,
19861219, 1800, , HU, 12.0N,  135.4E,  100,  959, -999, -999, -999, -999, -999, -999, -999, -999, -999, -999, -999, -999,
19861220, 0000, , HU, 11.5N,  134.3E,  105,  956, -999, -999, -999, -999, -999, -999, -999, -999, -999, -999, -999, -999,
19861220, 0600, , HU, 10.9N,  133.1E,  105,  957, -999, -999, -999, -999, -999, -999, -999, -999, -999, -999, -999, -999,
19861220, 1200, , HU, 10.1N,  131.5E,  110,  954, -999, -999, -999, -999, -999, -999, -999, -999, -999, -999, -999, -999,
19861220, 1800, , HU,  9.8N,  130.1E,  110,  954, -999, -999, -999, -999, -999, -999, -999, -999, -999, -999, -999, -999,
19861221, 0000, , HU,  9.2N,  128.5E,  120,  947, -999, -999, -999, -999, -999, -999, -999, -999, -999, -999, -999, -999,
19861221, 0600, , HU,  9.3N,  126.9E,  105,  958, -999, -999, -999, -999, -999, -999, -999, -999, -999, -999, -999, -999,
19861221, 1200, , HU,  9.7N,  125.4E,   80,  976, -999, -999, -999, -999, -999, -999, -999, -999, -999, -999, -999, -999,
19861221, 1800, , TS, 10.0N,  123.8E,   50,  995, -999, -999, -999, -999, -999, -999, -999, -999, -999, -999, -999, -999,
19861222, 0000, , TS, 10.1N,  122.0E,   40, 1002, -999, -999, -999, -999, -999, -999, -999, -999, -999, -999, -999, -999,
19861222, 0600, , TS, 10.3N,  121.1E,   35, 1003, -999, -999, -999, -999, -999, -999, -999, -999, -999, -999, -999, -999,
19861222, 1200, , TS, 10.7N,  120.3E,   35, 1004, -999, -999, -999, -999, -999, -999, -999, -999, -999, -999, -999, -999,
19861222, 1800, , TS, 11.1N,  119.5E,   35, 1005, -999, -999, -999, -999, -999, -999, -999, -999, -999, -999, -999, -999,
19861223, 0000, , TD, 11.6N,  118.9E,   30, 1006, -999, -999, -999, -999, -999, -999, -999, -999, -999, -999, -999, -999,
19861223, 0600, , TD, 12.1N,  118.2E,   30, 1007, -999, -999, -999, -999, -999, -999, -999, -999, -999, -999, -999, -999,
19861223, 1200, , TD, 12.3N,  117.4E,   25, 1008, -999, -999, -999, -999, -999, -999, -999, -999, -999, -999, -999, -999,
19861223, 1800, , TD, 12.4N,  116.2E,   25, 1009, -999, -999, -999, -999, -999, -999, -999, -999, -999, -999, -999, -999,
19861224, 0000, , TD, 12.5N,  115.0E,   25, 1009, -999, -999, -999, -999, -999, -999, -999, -999, -999, -999, -999, -999,
19861224, 0000, , DB, 12.4N,  114.1E,   20, 1010, -999, -999, -999, -999, -999, -999, -999, -999, -999, -999, -999, -999,