WP, 27, 2013101700,   , BEST,   0, 138N, 1526E,  15, 1010, DB,   0,    ,    0,    0,    0,    0, 
WP, 27, 2013101706,   , BEST,   0, 145N, 1530E,  15, 1009, DB,   0,    ,    0,    0,    0,    0, 
WP, 27, 2013101712,   , BEST,   0, 154N, 1533E,  15, 1008, DB,   0,    ,    0,    0,    0,    0, 
WP, 27, 2013101718,   , BEST,   0, 163N, 1531E,  20, 1007, DB,   0,    ,    0,    0,    0,    0, 
WP, 27, 2013101800,   , BEST,   0, 171N, 1529E,  25, 1006, DB,   0,    ,    0,    0,    0,    0, 
WP, 27, 2013101806,   , BEST,   0, 178N, 1526E,  25, 1005, DB,   0,    ,    0,    0,    0,    0, 
WP, 27, 2013101812,   , BEST,   0, 184N, 1524E,  25, 1004, DB,   0,    ,    0,    0,    0,    0, 1009,  100,  45,   0,   0, 
WP, 27, 2013101818,   , BEST,   0, 190N, 1522E,  30, 1002, DB,   0,    ,    0,    0,    0,    0, 1008,  100,  45,   0,   0,   W,   0,    ,   0,   0,     INVEST, S, 
WP, 27, 2013101900,   , BEST,   0, 194N, 1517E,  35, 1000, DB,   0,    ,    0,    0,    0,    0, 1008,  100,  45,   0,   0,   W,   0,    ,   0,   0,     INVEST, S, 
WP, 27, 2013101906,   , BEST,   0, 202N, 1512E,  40,  996, TS,   0,    ,    0,    0,    0,    0, 1008,  130,  45,   0,   0,   W,   0,    ,   0,   0, TWENTYSEVE, S, 
WP, 27, 2013101912,   , BEST,   0, 209N, 1504E,  40,  995, TS,   0,    ,    0,    0,    0,    0, 1008,  130,  45,   0,   0,   W,   0,    ,   0,   0, TWENTYSEVE, S, 
WP, 27, 2013101918,   , BEST,   0, 217N, 1490E,  40,  994, TS,   0,    ,    0,    0,    0,    0, 1007,  130,  45,   0,   0,   W,   0,    ,   0,   0, TWENTYSEVE, S, 
WP, 27, 2013102000,   , BEST,   0, 225N, 1473E,  45,  993, TS,   0,    ,    0,    0,    0,    0, 1007,  130,  45,   0,   0,   W,   0,    ,   0,   0, TWENTYSEVE, S, 
WP, 27, 2013102006,   , BEST,   0, 236N, 1458E,  40,  996, TS,   0,    ,    0,    0,    0,    0, 1007,  130,  45,   0,   0,   W,   0,    ,   0,   0, TWENTYSEVE, S, 
WP, 27, 2013102012,   , BEST,   0, 247N, 1443E,  35,  999, TS,   0,    ,    0,    0,    0,    0, 1008,  120,  45,   0,   0,   W,   0,    ,   0,   0, TWENTYSEVE, S, 
WP, 27, 2013102018,   , BEST,   0, 262N, 1431E,  35, 1000, TS,   0,    ,    0,    0,    0,    0, 1006,  120,  45,   0,   0, 
WP, 27, 2013102100,   , BEST,   0, 281N, 1424E,  35, 1001, TS,   0,    ,    0,    0,    0,    0, 1007,  120,  45,   0,   0, 
WP, 27, 2013102106,   , BEST,   0, 299N, 1424E,  35, 1001, TS,   0,    ,    0,    0,    0,    0, 1007,  120,  45,   0,   0, 
WP, 27, 2013102112,   , BEST,   0, 311N, 1434E,  35, 1002, TS,   0,    ,    0,    0,    0,    0, 1007,  120,  45,   0,   0, 
WP, 27, 2013102118,   , BEST,   0, 314N, 1442E,  35, 1001, TS,   0,    ,    0,    0,    0,    0, 1007,  120,  45,   0,   0, 
WP, 27, 2013102200,   , BEST,   0, 319N, 1459E,  35, 1000, EX,   0,    ,    0,    0,    0,    0, 1007,  120,  45,   0,   0, 