19861221, 1200, , DB,  8.4N,  167.8E,   25, 1009, -999, -999, -999, -999, -999, -999, -999, -999, -999, -999, -999, -999,
19861221, 1800, , TD,  8.6N,  166.9E,   30, 1007, -999, -999, -999, -999, -999, -999, -999, -999, -999, -999, -999, -999,
19861222, 0000, , TD,  8.9N,  166.2E,   30, 1006, -999, -999, -999, -999, -999, -999, -999, -999, -999, -999, -999, -999,
19861222, 0600, , TD,  9.2N,  165.5E,   30, 1005, -999, -999, -999, -999, -999, -999, -999, -999, -999, -999, -999, -999,
19861222, 1200, , TD,  9.7N,  164.5E,   30, 1005, -999, -999, -999, -999, -999, -999, -999, -999, -999, -999, -999, -999,
19861222, 1800, , TS, 10.1N,  163.5E,   35, 1003, -999, -999, -999, -999, -999, -999, -999, -999, -999, -999, -999, -999,
19861223, 0000, , TS, 10.6N,  162.5E,   40,  999, -999, -999, -999, -999, -999, -999, -999, -999, -999, -999, -999, -999,
19861223, 0600, , TS, 11.0N,  161.5E,   40, 1000, -999, -999, -999, -999, -999, -999, -999, -999, -999, -999, -999, -999,
19861223, 1200, , TS, 11.4N,  160.2E,   40,  999, -999, -999, -999, -999, -999, -999, -999, -999, -999, -999, -999, -999,
19861223, 1800, , TS, 11.5N,  159.3E,   45,  998, -999, -999, -999, -999, -999, -999, -999, -999, -999, -999, -999, -999,
19861224, 0000, , TS, 11.5N,  158.3E,   45,  997, -999, -999, -999, -999, -999, -999, -999, -999, -999, -999, -999, -999,
19861224, 0600, , TS, 11.6N,  156.8E,   40,  999, -999, -999, -999, -999, -999, -999, -999, -999, -999, -999, -999, -999,
19861224, 1200, , TS, 11.5N,  155.1E,   40, 1000, -999, -999, -999, -999, -999, -999, -999, -999, -999, -999, -999, -999,
19861224, 1800, , TS, 11.3N,  153.9E,   40, 1001, -999, -999, -999, -999, -999, -999, -999, -999, -999, -999, -999, -999,
19861225, 0000, , TS, 10.8N,  152.8E,   40, 1000, -999, -999, -999, -999, -999, -999, -999, -999, -999, -999, -999, -999,
19861225, 0600, , TS, 10.3N,  151.6E,   45,  998, -999, -999, -999, -999, -999, -999, -999, -999, -999, -999, -999, -999,
19861225, 1200, , TS, 10.1N,  150.2E,   50,  995, -999, -999, -999, -999, -999, -999, -999, -999, -999, -999, -999, -999,
19861225, 1800, , TS, 10.2N,  149.2E,   50,  994, -999, -999, -999, -999, -999, -999, -999, -999, -999, -999, -999, -999,
19861226, 0000, , TS, 10.5N,  148.4E,   55,  993, -999, -999, -999, -999, -999, -999, -999, -999, -999, -999, -999, -999,
19861226, 0600, , TS, 10.9N,  147.3E,   55,  992, -999, -999, -999, -999, -999, -999, -999, -999, -999, -999, -999, -999,
19861226, 1200, , TS, 11.4N,  146.2E,   55,  993, -999, -999, -999, -999, -999, -999, -999, -999, -999, -999, -999, -999,
19861226, 1800, , TS, 11.7N,  144.8E,   60,  990, -999, -999, -999, -999, -999, -999, -999, -999, -999, -999, -999, -999,
19861227, 0000, , HU, 11.7N,  143.5E,   65,  987, -999, -999, -999, -999, -999, -999, -999, -999, -999, -999, -999, -999,
19861227, 0600, , HU, 11.8N,  142.2E,   70,  984, -999, -999, -999, -999, -999, -999, -999, -999, -999, -999, -999, -999,
19861227, 1200, , HU, 12.2N,  140.8E,   70,  983, -999, -999, -999, -999, -999, -999, -999, -999, -999, -999, -999, -999,
19861227, 1800, , HU, 12.5N,  139.6E,   75,  980, -999, -999, -999, -999, -999, -999, -999, -999, -999, -999, -999, -999,
19861228, 0000, , HU, 13.1N,  138.9E,   80,  977, -999, -999, -999, -999, -999, -999, -999, -999, -999, -999, -999, -999,
19861228, 0600, , HU, 13.6N,  138.3E,   90,  970, -999, -999, -999, -999, -999, -999, -999, -999, -999, -999, -999, -999,
19861228, 1200, , HU, 13.9N,  137.8E,  100,  963, -999, -999, -999, -999, -999, -999, -999, -999, -999, -999, -999, -999,
19861228, 1800, , HU, 13.8N,  137.5E,  110,  954, -999, -999, -999, -999, -999, -999, -999, -999, -999, -999, -999, -999,
19861228, 2100, , HU, 13.8N,  137.5E,  110,  953, -999, -999, -999, -999, -999, -999, -999, -999, -999, -999, -999, -999,
19861229, 0000, , HU, 13.7N,  137.3E,  110,  954, -999, -999, -999, -999, -999, -999, -999, -999, -999, -999, -999, -999,
19861229, 0600, , HU, 13.2N,  136.9E,  100,  964, -999, -999, -999, -999, -999, -999, -999, -999, -999, -999, -999, -999,
19861229, 1200, , HU, 12.7N,  136.4E,   90,  972, -999, -999, -999, -999, -999, -999, -999, -999, -999, -999, -999, -999,
19861229, 1800, , HU, 11.9N,  135.6E,   85,  976, -999, -999, -999, -999, -999, -999, -999, -999, -999, -999, -999, -999,
19861230, 0000, , HU, 11.2N,  134.5E,   80,  980, -999, -999, -999, -999, -999, -999, -999, -999, -999, -999, -999, -999,
19861230, 0600, , HU, 10.5N,  133.2E,   65,  989, -999, -999, -999, -999, -999, -999, -999, -999, -999, -999, -999, -999,
19861230, 1200, , TS, 10.0N,  131.8E,   50,  997, -999, -999, -999, -999, -999, -999, -999, -999, -999, -999, -999, -999,
19861230, 1800, , TS, 10.0N,  130.1E,   45,  998, -999, -999, -999, -999, -999, -999, -999, -999, -999, -999, -999, -999,
19861231, 0000, , TS, 10.0N,  128.3E,   50,  995, -999, -999, -999, -999, -999, -999, -999, -999, -999, -999, -999, -999,
19861231, 0600, , TS, 10.0N,  126.7E,   45,  998, -999, -999, -999, -999, -999, -999, -999, -999, -999, -999, -999, -999,
19861231, 1200, , TS, 10.2N,  125.1E,   40, 1002, -999, -999, -999, -999, -999, -999, -999, -999, -999, -999, -999, -999,
19861231, 1800, , TS, 10.4N,  123.3E,   35, 1004, -999, -999, -999, -999, -999, -999, -999, -999, -999, -999, -999, -999,
19870101, 0000, , TD, 10.8N,  121.3E,   30, 1005, -999, -999, -999, -999, -999, -999, -999, -999, -999, -999, -999, -999,
19870101, 0600, , TD, 11.1N,  119.4E,   25, 1007, -999, -999, -999, -999, -999, -999, -999, -999, -999, -999, -999, -999,
19870101, 1200, , DB, 11.6N,  117.2E,   25, 1008, -999, -999, -999, -999, -999, -999, -999, -999, -999, -999, -999, -999,