WP, 30, 2004112800,   , BEST,   0,  54N, 1531E,  35, 1006, DB,   0,    ,    0,    0,    0,    0, 1008,  120,  45,   0,   0, 
WP, 30, 2004112806,   , BEST,   0,  56N, 1518E,  35, 1005, TS,   0,    ,    0,    0,    0,    0, 1005,  120,  50,   0,   0, 
WP, 30, 2004112812,   , BEST,   0,  58N, 1505E,  40, 1003, TS,   0,    ,    0,    0,    0,    0, 1006,  140,  50,   0,   0, 
WP, 30, 2004112818,   , BEST,   0,  60N, 1492E,  45, 1000, TS,   0,    ,    0,    0,    0,    0,    0,    0,   0,  40,   0, 
WP, 30, 2004112900,   , BEST,   0,  63N, 1478E,  50,  997, TS,   0,    ,    0,    0,    0,    0,    0,    0,   0,  45,   0, 
WP, 30, 2004112906,   , BEST,   0,  69N, 1460E,  55,  994, TS,  34, NEQ,   60,   75,   75,   70,    0,    0,   0,  70,   0, 
WP, 30, 2004112912,   , BEST,   0,  71N, 1441E,  65,  986, TY,  34, NEQ,   80,   80,  115,   90,    0,    0,   0,  80,   0, 
WP, 30, 2004112918,   , BEST,   0,  77N, 1427E,  75,  978, TY,  34, NEQ,  100,  100,  115,  100,    0,    0,   0,  90,   0, 
WP, 30, 2004113000,   , BEST,   0,  85N, 1410E,  80,  974, TY,  34, NEQ,  140,  115,  115,  140,    0,    0,   0,  90,   0, 
WP, 30, 2004113006,   , BEST,   0,  93N, 1391E,  90,  968, TY,  34, NEQ,  140,  140,  155,  140,    0,    0,   0,  90,   0, 
WP, 30, 2004113012,   , BEST,   0, 100N, 1371E, 100,  960, TY,  34, NEQ,  140,  130,  160,  150,    0,    0,   0, 105,   0, 
WP, 30, 2004113018,   , BEST,   0, 108N, 1350E, 115,  947, TY,  34, NEQ,  140,  130,  160,  140,    0,    0,   0, 110,   0, 
WP, 30, 2004120100,   , BEST,   0, 116N, 1328E, 130,  933, ST,  34, NEQ,  145,  135,  160,  145,    0,    0,   0, 130,   0, 
WP, 30, 2004120103,   , BEST,   0, 119N, 1318E, 135,  929, ST,  34, NEQ,  145,  135,  160,  145,    0,    0,   0, 130,   0, 
WP, 30, 2004120106,   , BEST,   0, 123N, 1307E, 130,  932, ST,  34, NEQ,  145,  135,  160,  145,    0,    0,   0, 140,   0, 
WP, 30, 2004120112,   , BEST,   0, 130N, 1286E, 125,  936, TY,  34, NEQ,  145,  135,  155,  145,    0,    0,   0, 150,   0, 
WP, 30, 2004120118,   , BEST,   0, 137N, 1267E, 120,  940, TY,  34, NEQ,  190,  155,  200,  200,    0,    0,   0, 145,   0, 
WP, 30, 2004120200,   , BEST,   0, 143N, 1250E, 115,  944, TY,  34, NEQ,  190,  280,  320,  230,    0,    0,   0, 160,   0, 
WP, 30, 2004120206,   , BEST,   0, 149N, 1234E, 110,  948, TY,  34, NEQ,  250,  180,  160,  200,    0,    0,   0, 160,   0, 
WP, 30, 2004120212,   , BEST,   0, 158N, 1219E, 100,  956, TY,  34, NEQ,  240,  160,  140,  220, 
WP, 30, 2004120218,   , BEST,   0, 170N, 1200E,  85,  966, TY,  34, NEQ,  240,  170,  150,  230,    0,    0,   0, 135,   0, 
WP, 30, 2004120300,   , BEST,   0, 179N, 1190E,  75,  972, TY,  34, NEQ,  220,  160,  140,  200,    0,    0,   0, 115,   0, 
WP, 30, 2004120306,   , BEST,   0, 193N, 1185E,  60,  978, TS,  34, NEQ,  180,  130,  130,  180,    0,    0,   0,  85,   0, 
WP, 30, 2004120312,   , BEST,   0, 202N, 1183E,  60,  979, TS,  34, NEQ,  140,  100,  140,  100,    0,    0,   0,  80,   0, 
WP, 30, 2004120318,   , BEST,   0, 213N, 1191E,  55,  980, TS,  34, NEQ,  135,   95,  130,   95,    0,    0,   0,  70,   0, 
WP, 30, 2004120400,   , BEST,   0, 224N, 1202E,  45,  986, TS,  34, NEQ,  135,   95,  130,   95, 
WP, 30, 2004120406,   , BEST,   0, 232N, 1226E,  40,  989, EX,  34, NEQ,  135,   95,  130,   95, 