WP, 32, 2004121618,   , BEST,   0, 101N, 1543E,  20, 1005, DB,   0,    ,    0,    0,    0,    0, 
WP, 32, 2004121700,   , BEST,   0, 111N, 1540E,  20, 1004, DB,   0,    ,    0,    0,    0,    0, 1006,   70,  50,   0,   0, 
WP, 32, 2004121706,   , BEST,   0, 120N, 1536E,  25, 1003, DB,   0,    ,    0,    0,    0,    0, 
WP, 32, 2004121712,   , BEST,   0, 127N, 1529E,  30, 1002, DB,   0,    ,    0,    0,    0,    0, 1006,   80,  50,   0,   0, 
WP, 32, 2004121718,   , BEST,   0, 132N, 1520E,  35, 1001, DB,   0,    ,    0,    0,    0,    0,    0,    0,   0,  35,   0, 
WP, 32, 2004121800,   , BEST,   0, 135N, 1510E,  35, 1000, DB,   0,    ,    0,    0,    0,    0,    0,    0,   0,  40,   0, 
WP, 32, 2004121806,   , BEST,   0, 134N, 1501E,  35,  999, TS,   0,    ,    0,    0,    0,    0,    0,    0,   0,  45,   0, 
WP, 32, 2004121812,   , BEST,   0, 133N, 1492E,  40,  998, TS,   0,    ,    0,    0,    0,    0,    0,    0,   0,  45,   0, 
WP, 32, 2004121818,   , BEST,   0, 133N, 1484E,  40,  997, TS,   0,    ,    0,    0,    0,    0,    0,    0,   0,  45,   0, 
WP, 32, 2004121900,   , BEST,   0, 133N, 1477E,  40,  996, TS,   0,    ,    0,    0,    0,    0,    0,    0,   0,  45,   0, 
WP, 32, 2004121906,   , BEST,   0, 140N, 1472E,  40,  995, TS,   0,    ,    0,    0,    0,    0,    0,    0,   0,  45,   0, 
WP, 32, 2004121912,   , BEST,   0, 151N, 1467E,  45,  993, TS,  34, NEQ,   50,   40,   40,   50,    0,    0,   0,  50,   0, 
WP, 32, 2004121918,   , BEST,   0, 165N, 1464E,  50,  990, TS,  34, NEQ,   60,   40,   50,   50,    0,    0,   0,  65,   0, 
WP, 32, 2004122000,   , BEST,   0, 176N, 1464E,  55,  987, TS,  34, NEQ,   80,   80,   60,   70,    0,    0,   0,  70,   0, 
WP, 32, 2004122006,   , BEST,   0, 187N, 1465E,  55,  986, TS,  34, NEQ,   80,   70,   60,   70,    0,    0,   0,  70,   0, 
WP, 32, 2004122012,   , BEST,   0, 200N, 1471E,  60,  983, TS,  34, NEQ,   80,   80,   60,   70,    0,    0,   0,  70,   0, 
WP, 32, 2004122018,   , BEST,   0, 214N, 1481E,  65,  980, TY,  34, NEQ,   80,   80,   60,   70,    0,    0,   0,  70,   0, 
WP, 32, 2004122100,   , BEST,   0, 230N, 1501E,  60,  987, TS,  34, NEQ,  100,   80,   60,   70,    0,    0,   0,  65,   0, 
WP, 32, 2004122106,   , BEST,   0, 245N, 1527E,  60,  988, TS,  34, NEQ,  100,   60,   80,   60,    0,    0,   0,  55,   0, 
WP, 32, 2004122112,   , BEST,   0, 255N, 1553E,  55,  990, EX,  34, NEQ,  100,   60,   80,   60, 
WP, 32, 2004122118,   , BEST,   0, 263N, 1580E,  45,  995, EX,   0,    ,    0,    0,    0,    0, 
WP, 32, 2004122200,   , BEST,   0, 268N, 1609E,  40,  997, EX,   0,    ,    0,    0,    0,    0, 