IO, 93, 2024091218,   , BEST,   0, 201N,  914E,  25,  993, DB,   0,    ,    0,    0,    0,    0,    0,    0,   0,   0,   0,   B,   0,    ,   0,   0,     INVEST,  , 
IO, 93, 2024091300,   , BEST,   0, 205N,  914E,  25,  992, DB,   0,    ,    0,    0,    0,    0,    0,    0,   0,   0,   0,   B,   0,    ,   0,   0,     INVEST,  , 
IO, 93, 2024091306,   , BEST,   0, 215N,  914E,  30,  991, TD,   0,    ,    0,    0,    0,    0,    0,    0,   0,   0,   0,   B,   0,    ,   0,   0,     INVEST,  , 
IO, 93, 2024091312,   , BEST,   0, 221N,  912E,  30,  990, TD,   0,    ,    0,    0,    0,    0,    0,    0,   0,   0,   0,   B,   0,    ,   0,   0,     INVEST,  , 
IO, 93, 2024091318,   , BEST,   0, 227N,  903E,  30,  989, TD,   0,    ,    0,    0,    0,    0,    0,    0,   0,   0,   0,   B,   0,    ,   0,   0,     INVEST,  , 
IO, 93, 2024091400,   , BEST,   0, 229N,  896E,  30,  991, TD,   0,    ,    0,    0,    0,    0,    0,    0,   0,   0,   0,   B,   0,    ,   0,   0,     INVEST,  , 
IO, 93, 2024091406,   , BEST,   0, 229N,  889E,  30,  991, TD,   0,    ,    0,    0,    0,    0,    0,    0,   0,   0,   0,   B,   0,    ,   0,   0,     INVEST,  , 
IO, 93, 2024091412,   , BEST,   0, 228N,  885E,  30,  990, TD,   0,    ,    0,    0,    0,    0,    0,    0,   0,   0,   0,   B,   0,    ,   0,   0,     INVEST,  , 
IO, 93, 2024091418,   , BEST,   0, 228N,  882E,  30,  989, TD,   0,    ,    0,    0,    0,    0,    0,    0,   0,   0,   0,   B,   0,    ,   0,   0,     INVEST,  , 
IO, 93, 2024091500,   , BEST,   0, 228N,  878E,  35,  988, TS,   0,    ,    0,    0,    0,    0,    0,    0,   0,   0,   0,   B,   0,    ,   0,   0,     INVEST,  , 
IO, 93, 2024091506,   , BEST,   0, 228N,  873E,  35,  987, TS,   0,    ,    0,    0,    0,    0,    0,    0,   0,   0,   0,   B,   0,    ,   0,   0,     INVEST,  , 
IO,B05, 2024091512,   , BEST,   0, 228N,  872E,  35,  988, TS,   0,    ,    0,    0,    0,    0,    0,    0,   0,   0,   0,   B,   0,    ,   0,   0,     INVEST,  , 
IO,B05, 2024091518,   , BEST,   0, 229N,  871E,  35,  989, TS,   0,    ,    0,    0,    0,    0,    0,    0,   0,   0,   0,   B,   0,    ,   0,   0,     INVEST,  , 
IO,B05, 2024091600,   , BEST,   0, 230N,  870E,  30,  990, TD,   0,    ,    0,    0,    0,    0,    0,    0,   0,   0,   0,   B,   0,    ,   0,   0,     INVEST,  , 
IO,B05, 2024091606,   , BEST,   0, 232N,  864E,  30,  991, TD,   0,    ,    0,    0,    0,    0,    0,    0,   0,   0,   0,   B,   0,    ,   0,   0,     INVEST,  , 
IO,B05, 2024091612,   , BEST,   0, 233N,  852E,  30,  992, TD,   0,    ,    0,    0,    0,    0,    0,    0,   0,   0,   0,   B,   0,    ,   0,   0,     INVEST,  , 
IO,B05, 2024091618,   , BEST,   0, 234N,  846E,  30,  993, TD,   0,    ,    0,    0,    0,    0,    0,    0,   0,   0,   0,   B,   0,    ,   0,   0,     INVEST,  , 
IO,B05, 2024091700,   , BEST,   0, 236N,  842E,  30,  992, TD,   0,    ,    0,    0,    0,    0,    0,    0,   0,   0,   0,   B,   0,    ,   0,   0,     INVEST,  , 
IO,B05, 2024091706,   , BEST,   0, 237N,  827E,  30,  991, TD,   0,    ,    0,    0,    0,    0,    0,    0,   0,   0,   0,   B,   0,    ,   0,   0,     INVEST,  , 
IO,B05, 2024091712,   , BEST,   0, 240N,  813E,  25,  992, TD,   0,    ,    0,    0,    0,    0,    0,    0,   0,   0,   0,   B,   0,    ,   0,   0,     INVEST,  , 
IO,B05, 2024091718,   , BEST,   0, 242N,  803E,  25,  993, TD,   0,    ,    0,    0,    0,    0,    0,    0,   0,   0,   0,   B,   0,    ,   0,   0,     INVEST,  , 
IO,B05, 2024091800,   , BEST,   0, 244N,  794E,  25,  995, DB,   0,    ,    0,    0,    0,    0,    0,    0,   0,   0,   0,   B,   0,    ,   0,   0,     INVEST,  , 