19840827, 1200, , DB, 17.5N,  128.3E,   30,  997, -999, -999, -999, -999, -999, -999, -999, -999, -999, -999, -999, -999,
19840827, 1800, , TS, 17.7N,  126.8E,   35,  994, -999, -999, -999, -999, -999, -999, -999, -999, -999, -999, -999, -999,
19840828, 0000, , TS, 17.7N,  125.3E,   40,  990, -999, -999, -999, -999, -999, -999, -999, -999, -999, -999, -999, -999,
19840828, 0600, , TS, 17.9N,  124.2E,   45,  986, -999, -999, -999, -999, -999, -999, -999, -999, -999, -999, -999, -999,
19840828, 1200, , TS, 17.9N,  122.9E,   45,  985, -999, -999, -999, -999, -999, -999, -999, -999, -999, -999, -999, -999,
19840828, 1800, , TS, 18.2N,  121.6E,   45,  986, -999, -999, -999, -999, -999, -999, -999, -999, -999, -999, -999, -999,
19840829, 0000, , TS, 18.6N,  120.6E,   45,  987, -999, -999, -999, -999, -999, -999, -999, -999, -999, -999, -999, -999,
19840829, 0600, , TS, 18.7N,  119.6E,   45,  986, -999, -999, -999, -999, -999, -999, -999, -999, -999, -999, -999, -999,
19840829, 1200, , TS, 18.9N,  119.0E,   45,  985, -999, -999, -999, -999, -999, -999, -999, -999, -999, -999, -999, -999,
19840829, 1800, , TS, 19.6N,  118.7E,   50,  983, -999, -999, -999, -999, -999, -999, -999, -999, -999, -999, -999, -999,
19840830, 0000, , TS, 20.4N,  118.4E,   50,  982, -999, -999, -999, -999, -999, -999, -999, -999, -999, -999, -999, -999,
19840830, 0600, , TS, 21.1N,  117.4E,   55,  980, -999, -999, -999, -999, -999, -999, -999, -999, -999, -999, -999, -999,
19840830, 1200, , TS, 21.9N,  116.6E,   55,  981, -999, -999, -999, -999, -999, -999, -999, -999, -999, -999, -999, -999,
19840830, 1800, , TS, 23.1N,  116.4E,   50,  984, -999, -999, -999, -999, -999, -999, -999, -999, -999, -999, -999, -999,
19840831, 0000, , TS, 24.1N,  116.0E,   40,  989, -999, -999, -999, -999, -999, -999, -999, -999, -999, -999, -999, -999,
19840831, 0600, , TS, 24.2N,  115.2E,   30,  993, -999, -999, -999, -999, -999, -999, -999, -999, -999, -999, -999, -999,
19840831, 1200, , TS, 24.6N,  114.5E,   25,  997, -999, -999, -999, -999, -999, -999, -999, -999, -999, -999, -999, -999,
19840831, 1800, , DB, 25.1N,  114.8E,   25,  999, -999, -999, -999, -999, -999, -999, -999, -999, -999, -999, -999, -999,