19840815, 0600, , DB, 19.3N,  118.8E,   30,  999, -999, -999, -999, -999, -999, -999, -999, -999, -999, -999, -999, -999,
19840815, 1200, , TS, 19.2N,  119.1E,   35,  996, -999, -999, -999, -999, -999, -999, -999, -999, -999, -999, -999, -999,
19840815, 1800, , TS, 19.7N,  118.8E,   40,  992, -999, -999, -999, -999, -999, -999, -999, -999, -999, -999, -999, -999,
19840816, 0000, , TS, 20.0N,  118.3E,   40,  991, -999, -999, -999, -999, -999, -999, -999, -999, -999, -999, -999, -999,
19840816, 0600, , TS, 20.1N,  117.6E,   45,  987, -999, -999, -999, -999, -999, -999, -999, -999, -999, -999, -999, -999,
19840816, 1200, , TS, 19.7N,  116.7E,   45,  986, -999, -999, -999, -999, -999, -999, -999, -999, -999, -999, -999, -999,
19840816, 1800, , TS, 19.0N,  116.1E,   50,  983, -999, -999, -999, -999, -999, -999, -999, -999, -999, -999, -999, -999,
19840817, 0000, , TS, 18.4N,  116.2E,   55,  979, -999, -999, -999, -999, -999, -999, -999, -999, -999, -999, -999, -999,
19840817, 0600, , TS, 18.6N,  116.2E,   55,  981, -999, -999, -999, -999, -999, -999, -999, -999, -999, -999, -999, -999,
19840817, 1200, , TS, 18.5N,  115.8E,   55,  980, -999, -999, -999, -999, -999, -999, -999, -999, -999, -999, -999, -999,
19840817, 1800, , TS, 18.4N,  115.3E,   60,  977, -999, -999, -999, -999, -999, -999, -999, -999, -999, -999, -999, -999,
19840818, 0000, , TS, 18.5N,  114.7E,   55,  980, -999, -999, -999, -999, -999, -999, -999, -999, -999, -999, -999, -999,
19840818, 0600, , TS, 18.7N,  114.1E,   50,  983, -999, -999, -999, -999, -999, -999, -999, -999, -999, -999, -999, -999,
19840818, 1200, , TS, 18.5N,  113.3E,   55,  981, -999, -999, -999, -999, -999, -999, -999, -999, -999, -999, -999, -999,
19840818, 1800, , TS, 18.2N,  112.8E,   55,  980, -999, -999, -999, -999, -999, -999, -999, -999, -999, -999, -999, -999,
19840819, 0000, , TS, 18.1N,  112.4E,   55,  979, -999, -999, -999, -999, -999, -999, -999, -999, -999, -999, -999, -999,
19840819, 0600, , TS, 18.4N,  112.1E,   55,  980, -999, -999, -999, -999, -999, -999, -999, -999, -999, -999, -999, -999,
19840819, 1200, , TS, 18.7N,  112.0E,   50,  984, -999, -999, -999, -999, -999, -999, -999, -999, -999, -999, -999, -999,
19840819, 1800, , TS, 19.0N,  112.1E,   50,  985, -999, -999, -999, -999, -999, -999, -999, -999, -999, -999, -999, -999,
19840820, 0000, , TS, 19.5N,  112.4E,   50,  984, -999, -999, -999, -999, -999, -999, -999, -999, -999, -999, -999, -999,
19840820, 0600, , TS, 20.0N,  112.8E,   50,  985, -999, -999, -999, -999, -999, -999, -999, -999, -999, -999, -999, -999,
19840820, 1200, , TS, 20.7N,  113.3E,   50,  984, -999, -999, -999, -999, -999, -999, -999, -999, -999, -999, -999, -999,
19840820, 1800, , TS, 21.4N,  113.6E,   50,  985, -999, -999, -999, -999, -999, -999, -999, -999, -999, -999, -999, -999,
19840821, 0000, , TS, 21.8N,  114.4E,   45,  988, -999, -999, -999, -999, -999, -999, -999, -999, -999, -999, -999, -999,
19840821, 0600, , TS, 22.9N,  115.3E,   40,  992, -999, -999, -999, -999, -999, -999, -999, -999, -999, -999, -999, -999,
19840821, 1200, , TS, 24.2N,  115.5E,   35,  995, -999, -999, -999, -999, -999, -999, -999, -999, -999, -999, -999, -999,
19840821, 1800, , TD, 25.4N,  115.4E,   30,  997, -999, -999, -999, -999, -999, -999, -999, -999, -999, -999, -999, -999,
19840822, 0000, , TD, 27.6N,  115.8E,   30,  998, -999, -999, -999, -999, -999, -999, -999, -999, -999, -999, -999, -999,
19840822, 0600, , DB, 29.7N,  118.3E,   25,  999, -999, -999, -999, -999, -999, -999, -999, -999, -999, -999, -999, -999,