19840704, 1800, , DB, 14.7N,  126.3E,   20, 1009, -999, -999, -999, -999, -999, -999, -999, -999, -999, -999, -999, -999,
19840705, 0000, , DB, 14.5N,  125.0E,   20, 1008, -999, -999, -999, -999, -999, -999, -999, -999, -999, -999, -999, -999,
19840705, 0600, , TD, 14.6N,  123.8E,   25, 1007, -999, -999, -999, -999, -999, -999, -999, -999, -999, -999, -999, -999,
19840705, 1200, , TD, 14.8N,  122.8E,   25, 1006, -999, -999, -999, -999, -999, -999, -999, -999, -999, -999, -999, -999,
19840705, 1800, , TD, 15.1N,  121.8E,   30, 1004, -999, -999, -999, -999, -999, -999, -999, -999, -999, -999, -999, -999,
19840706, 0000, , TD, 15.5N,  120.9E,   25, 1007, -999, -999, -999, -999, -999, -999, -999, -999, -999, -999, -999, -999,
19840706, 0600, , TD, 15.9N,  120.2E,   25, 1007, -999, -999, -999, -999, -999, -999, -999, -999, -999, -999, -999, -999,
19840706, 1200, , TD, 16.3N,  119.4E,   25, 1006, -999, -999, -999, -999, -999, -999, -999, -999, -999, -999, -999, -999,
19840706, 1800, , TD, 16.8N,  118.6E,   30, 1005, -999, -999, -999, -999, -999, -999, -999, -999, -999, -999, -999, -999,
19840707, 0000, , TS, 17.2N,  117.9E,   35, 1003, -999, -999, -999, -999, -999, -999, -999, -999, -999, -999, -999, -999,
19840707, 0600, , TS, 17.6N,  117.3E,   35, 1002, -999, -999, -999, -999, -999, -999, -999, -999, -999, -999, -999, -999,
19840707, 1200, , TS, 18.1N,  116.6E,   40, 1000, -999, -999, -999, -999, -999, -999, -999, -999, -999, -999, -999, -999,
19840707, 1800, , TS, 18.6N,  116.2E,   45,  998, -999, -999, -999, -999, -999, -999, -999, -999, -999, -999, -999, -999,
19840708, 0000, , TS, 19.0N,  115.7E,   45,  997, -999, -999, -999, -999, -999, -999, -999, -999, -999, -999, -999, -999,
19840708, 0600, , TS, 19.6N,  115.0E,   50,  994, -999, -999, -999, -999, -999, -999, -999, -999, -999, -999, -999, -999,
19840708, 1200, , TS, 20.1N,  114.0E,   55,  990, -999, -999, -999, -999, -999, -999, -999, -999, -999, -999, -999, -999,
19840708, 1800, , TS, 20.7N,  113.1E,   55,  989, -999, -999, -999, -999, -999, -999, -999, -999, -999, -999, -999, -999,
19840709, 0000, , TS, 21.3N,  112.3E,   55,  988, -999, -999, -999, -999, -999, -999, -999, -999, -999, -999, -999, -999,
19840709, 0600, , TS, 22.0N,  111.0E,   50,  990, -999, -999, -999, -999, -999, -999, -999, -999, -999, -999, -999, -999,
19840709, 1200, , TS, 22.4N,  109.7E,   40,  995, -999, -999, -999, -999, -999, -999, -999, -999, -999, -999, -999, -999,
19840709, 1800, , TD, 22.7N,  108.5E,   30, 1000, -999, -999, -999, -999, -999, -999, -999, -999, -999, -999, -999, -999,
19840710, 0000, , DB, 23.2N,  107.3E,   25, 1003, -999, -999, -999, -999, -999, -999, -999, -999, -999, -999, -999, -999,