19840721, 1800, , DB, 21.0N,  162.2E,   30, 1002, -999, -999, -999, -999, -999, -999, -999, -999, -999, -999, -999, -999,
19840722, 0000, , DB, 21.0N,  161.3E,   30, 1002, -999, -999, -999, -999, -999, -999, -999, -999, -999, -999, -999, -999,
19840722, 0600, , DB, 21.0N,  160.9E,   30, 1003, -999, -999, -999, -999, -999, -999, -999, -999, -999, -999, -999, -999,
19840722, 1200, , DB, 20.9N,  160.4E,   25, 1004, -999, -999, -999, -999, -999, -999, -999, -999, -999, -999, -999, -999,
19840722, 1800, , DB, 20.7N,  159.8E,   25, 1005, -999, -999, -999, -999, -999, -999, -999, -999, -999, -999, -999, -999,
19840723, 0000, , DB, 20.4N,  159.1E,   25, 1006, -999, -999, -999, -999, -999, -999, -999, -999, -999, -999, -999, -999,
19840723, 0600, , DB, 20.5N,  158.6E,   25, 1005, -999, -999, -999, -999, -999, -999, -999, -999, -999, -999, -999, -999,
19840723, 1200, , TD, 21.0N,  158.2E,   25, 1004, -999, -999, -999, -999, -999, -999, -999, -999, -999, -999, -999, -999,
19840723, 1800, , TD, 21.3N,  157.8E,   25, 1003, -999, -999, -999, -999, -999, -999, -999, -999, -999, -999, -999, -999,
19840724, 0000, , TD, 21.6N,  157.3E,   30, 1001, -999, -999, -999, -999, -999, -999, -999, -999, -999, -999, -999, -999,
19840724, 0600, , TD, 21.7N,  156.4E,   35,  998, -999, -999, -999, -999, -999, -999, -999, -999, -999, -999, -999, -999,
19840724, 1200, , TS, 21.3N,  155.4E,   40,  995, -999, -999, -999, -999, -999, -999, -999, -999, -999, -999, -999, -999,
19840724, 1800, , TS, 21.0N,  154.7E,   45,  992, -999, -999, -999, -999, -999, -999, -999, -999, -999, -999, -999, -999,
19840725, 0000, , TS, 20.6N,  153.9E,   45,  991, -999, -999, -999, -999, -999, -999, -999, -999, -999, -999, -999, -999,
19840725, 0600, , TS, 20.0N,  152.9E,   50,  987, -999, -999, -999, -999, -999, -999, -999, -999, -999, -999, -999, -999,
19840725, 1200, , TS, 19.5N,  152.2E,   50,  986, -999, -999, -999, -999, -999, -999, -999, -999, -999, -999, -999, -999,
19840725, 1800, , TS, 19.3N,  151.8E,   60,  981, -999, -999, -999, -999, -999, -999, -999, -999, -999, -999, -999, -999,
19840726, 0000, , HU, 19.3N,  151.4E,   70,  976, -999, -999, -999, -999, -999, -999, -999, -999, -999, -999, -999, -999,
19840726, 0600, , HU, 19.5N,  150.8E,   85,  964, -999, -999, -999, -999, -999, -999, -999, -999, -999, -999, -999, -999,
19840726, 1200, , HU, 19.8N,  150.4E,   95,  958, -999, -999, -999, -999, -999, -999, -999, -999, -999, -999, -999, -999,
19840726, 1800, , HU, 20.0N,  150.2E,  100,  954, -999, -999, -999, -999, -999, -999, -999, -999, -999, -999, -999, -999,
19840727, 0000, , HU, 20.3N,  150.2E,   95,  957, -999, -999, -999, -999, -999, -999, -999, -999, -999, -999, -999, -999,
19840727, 0600, , HU, 20.5N,  150.5E,   85,  963, -999, -999, -999, -999, -999, -999, -999, -999, -999, -999, -999, -999,
19840727, 1200, , HU, 20.7N,  150.7E,   80,  967, -999, -999, -999, -999, -999, -999, -999, -999, -999, -999, -999, -999,
19840727, 1800, , HU, 20.8N,  151.1E,   85,  964, -999, -999, -999, -999, -999, -999, -999, -999, -999, -999, -999, -999,
19840728, 0000, , HU, 21.0N,  151.5E,   90,  960, -999, -999, -999, -999, -999, -999, -999, -999, -999, -999, -999, -999,
19840728, 0600, , HU, 21.0N,  152.0E,  120,  939, -999, -999, -999, -999, -999, -999, -999, -999, -999, -999, -999, -999,
19840728, 1200, , HU, 21.1N,  152.6E,  140,  915, -999, -999, -999, -999, -999, -999, -999, -999, -999, -999, -999, -999,
19840728, 1800, , HU, 21.8N,  153.2E,  140,  912, -999, -999, -999, -999, -999, -999, -999, -999, -999, -999, -999, -999,
19840729, 0000, , HU, 22.8N,  153.8E,  135,  916, -999, -999, -999, -999, -999, -999, -999, -999, -999, -999, -999, -999,
19840729, 0600, , HU, 24.0N,  154.3E,  125,  927, -999, -999, -999, -999, -999, -999, -999, -999, -999, -999, -999, -999,
19840729, 1200, , HU, 25.2N,  154.6E,  115,  935, -999, -999, -999, -999, -999, -999, -999, -999, -999, -999, -999, -999,
19840729, 1800, , HU, 26.7N,  154.9E,  105,  941, -999, -999, -999, -999, -999, -999, -999, -999, -999, -999, -999, -999,
19840730, 0000, , HU, 28.1N,  155.1E,  100,  943, -999, -999, -999, -999, -999, -999, -999, -999, -999, -999, -999, -999,
19840730, 0600, , HU, 29.8N,  155.6E,   90,  950, -999, -999, -999, -999, -999, -999, -999, -999, -999, -999, -999, -999,
19840730, 1200, , HU, 31.3N,  156.0E,   80,  959, -999, -999, -999, -999, -999, -999, -999, -999, -999, -999, -999, -999,
19840730, 1800, , HU, 32.9N,  156.9E,   70,  964, -999, -999, -999, -999, -999, -999, -999, -999, -999, -999, -999, -999,
19840731, 0000, , TS, 34.4N,  157.9E,   60,  970, -999, -999, -999, -999, -999, -999, -999, -999, -999, -999, -999, -999,
19840731, 0600, , TS, 35.6N,  159.6E,   55,  974, -999, -999, -999, -999, -999, -999, -999, -999, -999, -999, -999, -999,
19840731, 1200, , TS, 36.7N,  161.4E,   50,  977, -999, -999, -999, -999, -999, -999, -999, -999, -999, -999, -999, -999,
19840731, 1800, , TS, 37.8N,  163.9E,   45,  980, -999, -999, -999, -999, -999, -999, -999, -999, -999, -999, -999, -999,
19840801, 0000, , TS, 39.1N,  166.6E,   45,  981, -999, -999, -999, -999, -999, -999, -999, -999, -999, -999, -999, -999,
19840801, 0600, , TS, 40.1N,  170.2E,   45,  980, -999, -999, -999, -999, -999, -999, -999, -999, -999, -999, -999, -999,
19840801, 1200, , EX, 41.1N,  174.4E,   50,  977, -999, -999, -999, -999, -999, -999, -999, -999, -999, -999, -999, -999,
19840801, 1800, , EX, 42.8N,  177.2E,   50,  976, -999, -999, -999, -999, -999, -999, -999, -999, -999, -999, -999, -999,