SH, 11, 2005011506,   , BEST,   0,  64S,  891E,  20, 1014, DB,   0,    ,    0,    0,    0,    0, 
SH, 11, 2005011512,   , BEST,   0,  66S,  883E,  20, 1014, DB,   0,    ,    0,    0,    0,    0, 
SH, 11, 2005011518,   , BEST,   0,  68S,  876E,  20, 1013, DB,   0,    ,    0,    0,    0,    0, 
SH, 11, 2005011600,   , BEST,   0,  69S,  870E,  20, 1012, DB,   0,    ,    0,    0,    0,    0, 
SH, 11, 2005011606,   , BEST,   0,  70S,  866E,  20, 1012, DB,   0,    ,    0,    0,    0,    0, 
SH, 11, 2005011612,   , BEST,   0,  74S,  860E,  20, 1011, DB,   0,    ,    0,    0,    0,    0, 1008,  140,  45,   0,   0, 
SH, 11, 2005011618,   , BEST,   0,  80S,  854E,  20, 1011, DB,   0,    ,    0,    0,    0,    0, 1008,  140,  45,   0,   0, 
SH, 11, 2005011700,   , BEST,   0,  84S,  850E,  25, 1010, TD,   0,    ,    0,    0,    0,    0, 1008,  140,  50,   0,   0, 
SH, 11, 2005011706,   , BEST,   0,  88S,  847E,  30, 1009, TD,   0,    ,    0,    0,    0,    0, 1008,  140,  45,   0,   0, 
SH, 11, 2005011712,   , BEST,   0,  94S,  843E,  35, 1008, TS,   0,    ,    0,    0,    0,    0, 
SH, 11, 2005011718,   , BEST,   0, 100S,  839E,  40, 1005, TS,   0,    ,    0,    0,    0,    0, 
SH, 11, 2005011800,   , BEST,   0, 106S,  834E,  45, 1002, TS,   0,    ,    0,    0,    0,    0, 1008,  140,  40,  45,   0, 
SH, 11, 2005011806,   , BEST,   0, 112S,  826E,  45, 1001, TS,   0,    ,    0,    0,    0,    0,    0,    0,   0,  45,   0, 
SH, 11, 2005011812,   , BEST,   0, 118S,  815E,  50,  999, TS,   0,    ,    0,    0,    0,    0, 1008,  120,  40,   0,   0, 
SH, 11, 2005011818,   , BEST,   0, 124S,  803E,  55,  996, TS,  34, NEQ,   30,   60,   60,   30,    0,    0,   0,  55,   0, 
SH, 11, 2005011900,   , BEST,   0, 129S,  790E,  55,  995, TS,  34, NEQ,   60,   65,   65,   50, 1008,  120,  45,   0,   0, 
SH, 11, 2005011906,   , BEST,   0, 135S,  774E,  60,  993, TS,  34, NEQ,   30,   60,   60,   30,    0,    0,   0,  50,   0, 
SH, 11, 2005011912,   , BEST,   0, 143S,  757E,  60,  994, TS,  34, NEQ,   60,   65,   65,   50, 1008,  130,  25,   0,   0, 
SH, 11, 2005011918,   , BEST,   0, 150S,  742E,  55,  997, TS,  34, NEQ,   65,   65,   65,   55,    0,    0,   0,  55,   0, 
SH, 11, 2005012000,   , BEST,   0, 158S,  728E,  50,  999, TS,  34, NEQ,   60,   65,   65,   65, 1008,  120,  30,   0,   0, 
SH, 11, 2005012006,   , BEST,   0, 159S,  716E,  50, 1000, TS,  34, NEQ,   60,   65,   65,   65,    0,    0,   0,  45,   0, 
SH, 11, 2005012012,   , BEST,   0, 161S,  704E,  45, 1003, TS,  34, NEQ,   60,   65,   65,   65, 1008,  120,  40,   0,   0, 
SH, 11, 2005012018,   , BEST,   0, 163S,  692E,  40, 1005, TS,   0,    ,    0,    0,    0,    0,    0,    0,   0,  35,   0, 
SH, 11, 2005012100,   , BEST,   0, 165S,  681E,  35, 1007, TS,   0,    ,    0,    0,    0,    0, 
SH, 11, 2005012106,   , BEST,   0, 167S,  669E,  30, 1008, TD,   0,    ,    0,    0,    0,    0, 
SH, 11, 2005012112,   , BEST,   0, 168S,  651E,  30, 1009, TD,   0,    ,    0,    0,    0,    0, 
SH, 11, 2005012118,   , BEST,   0, 169S,  629E,  30, 1009, TD,   0,    ,    0,    0,    0,    0, 
SH, 11, 2005012200,   , BEST,   0, 171S,  611E,  30, 1008, TD,   0,    ,    0,    0,    0,    0, 
SH, 11, 2005012206,   , BEST,   0, 174S,  595E,  30, 1008, TD,   0,    ,    0,    0,    0,    0, 
SH, 11, 2005012212,   , BEST,   0, 176S,  580E,  30, 1009, TD,   0,    ,    0,    0,    0,    0, 
SH, 11, 2005012218,   , BEST,   0, 178S,  565E,  25, 1010, TD,   0,    ,    0,    0,    0,    0, 
SH, 11, 2005012300,   , BEST,   0, 180S,  550E,  25, 1010, TD,   0,    ,    0,    0,    0,    0, 
SH, 11, 2005012306,   , BEST,   0, 181S,  536E,  25, 1011, DB,   0,    ,    0,    0,    0,    0, 