19841030, 1200, , DB,  3.0N,  146.1E,   25, 1007, -999, -999, -999, -999, -999, -999, -999, -999, -999, -999, -999, -999,
19841030, 1800, , DB,  3.3N,  145.8E,   25, 1006, -999, -999, -999, -999, -999, -999, -999, -999, -999, -999, -999, -999,
19841031, 0000, , TD,  3.6N,  145.6E,   30, 1004, -999, -999, -999, -999, -999, -999, -999, -999, -999, -999, -999, -999,
19841031, 0600, , TS,  3.9N,  145.3E,   35, 1003, -999, -999, -999, -999, -999, -999, -999, -999, -999, -999, -999, -999,
19841031, 1200, , TS,  4.4N,  144.9E,   40, 1001, -999, -999, -999, -999, -999, -999, -999, -999, -999, -999, -999, -999,
19841031, 1800, , TS,  4.8N,  144.5E,   40, 1000, -999, -999, -999, -999, -999, -999, -999, -999, -999, -999, -999, -999,
19841101, 0000, , TS,  5.4N,  143.8E,   45,  999, -999, -999, -999, -999, -999, -999, -999, -999, -999, -999, -999, -999,
19841101, 0600, , TS,  5.9N,  143.0E,   50,  996, -999, -999, -999, -999, -999, -999, -999, -999, -999, -999, -999, -999,
19841101, 1200, , TS,  6.8N,  141.8E,   55,  994, -999, -999, -999, -999, -999, -999, -999, -999, -999, -999, -999, -999,
19841101, 1800, , TS,  7.4N,  140.4E,   55,  993, -999, -999, -999, -999, -999, -999, -999, -999, -999, -999, -999, -999,
19841102, 0000, , TS,  7.8N,  139.4E,   60,  992, -999, -999, -999, -999, -999, -999, -999, -999, -999, -999, -999, -999,
19841102, 0600, , HU,  8.3N,  138.4E,   70,  986, -999, -999, -999, -999, -999, -999, -999, -999, -999, -999, -999, -999,
19841102, 1200, , HU,  8.6N,  137.3E,   75,  983, -999, -999, -999, -999, -999, -999, -999, -999, -999, -999, -999, -999,
19841102, 1800, , HU,  8.8N,  136.3E,   80,  980, -999, -999, -999, -999, -999, -999, -999, -999, -999, -999, -999, -999,
19841103, 0000, , HU,  9.1N,  135.2E,  105,  962, -999, -999, -999, -999, -999, -999, -999, -999, -999, -999, -999, -999,
19841103, 0600, , HU,  9.4N,  134.0E,  115,  954, -999, -999, -999, -999, -999, -999, -999, -999, -999, -999, -999, -999,
19841103, 1200, , HU,  9.6N,  132.7E,  125,  943, -999, -999, -999, -999, -999, -999, -999, -999, -999, -999, -999, -999,
19841103, 1800, , HU,  9.8N,  131.4E,  130,  937, -999, -999, -999, -999, -999, -999, -999, -999, -999, -999, -999, -999,
19841104, 0000, , HU, 10.1N,  130.1E,  140,  926, -999, -999, -999, -999, -999, -999, -999, -999, -999, -999, -999, -999,
19841104, 0600, , HU, 10.5N,  128.8E,  140,  925, -999, -999, -999, -999, -999, -999, -999, -999, -999, -999, -999, -999,
19841104, 1200, , HU, 10.8N,  127.4E,  140,  925, -999, -999, -999, -999, -999, -999, -999, -999, -999, -999, -999, -999,
19841104, 1800, , HU, 11.2N,  125.8E,  135,  930, -999, -999, -999, -999, -999, -999, -999, -999, -999, -999, -999, -999,
19841105, 0000, , HU, 11.5N,  124.0E,  115,  950, -999, -999, -999, -999, -999, -999, -999, -999, -999, -999, -999, -999,
19841105, 0600, , HU, 11.6N,  122.4E,   95,  965, -999, -999, -999, -999, -999, -999, -999, -999, -999, -999, -999, -999,
19841105, 1200, , HU, 11.8N,  120.8E,   85,  976, -999, -999, -999, -999, -999, -999, -999, -999, -999, -999, -999, -999,
19841105, 1800, , HU, 12.1N,  119.4E,   90,  973, -999, -999, -999, -999, -999, -999, -999, -999, -999, -999, -999, -999,
19841106, 0000, , HU, 12.2N,  117.7E,   95,  970, -999, -999, -999, -999, -999, -999, -999, -999, -999, -999, -999, -999,
19841106, 0600, , HU, 12.5N,  115.8E,  100,  967, -999, -999, -999, -999, -999, -999, -999, -999, -999, -999, -999, -999,
19841106, 1200, , HU, 12.9N,  114.0E,  100,  966, -999, -999, -999, -999, -999, -999, -999, -999, -999, -999, -999, -999,
19841106, 1800, , HU, 13.3N,  112.3E,  100,  965, -999, -999, -999, -999, -999, -999, -999, -999, -999, -999, -999, -999,
19841107, 0000, , HU, 13.7N,  111.3E,  105,  964, -999, -999, -999, -999, -999, -999, -999, -999, -999, -999, -999, -999,
19841107, 0600, , HU, 13.9N,  110.2E,  110,  960, -999, -999, -999, -999, -999, -999, -999, -999, -999, -999, -999, -999,
19841107, 1200, , HU, 14.2N,  109.0E,  100,  966, -999, -999, -999, -999, -999, -999, -999, -999, -999, -999, -999, -999,
19841107, 1800, , HU, 14.3N,  107.8E,   75,  985, -999, -999, -999, -999, -999, -999, -999, -999, -999, -999, -999, -999,
19841108, 0000, , TS, 14.7N,  106.2E,   50,  999, -999, -999, -999, -999, -999, -999, -999, -999, -999, -999, -999, -999,
19841108, 0600, , DB, 15.3N,  104.9E,   35, 1006, -999, -999, -999, -999, -999, -999, -999, -999, -999, -999, -999, -999,
19841108, 1200, , DB, 16.3N,  104.0E,   30, 1010, -999, -999, -999, -999, -999, -999, -999, -999, -999, -999, -999, -999,