19840814, 0000, , DB, 18.8N,  138.9E,   25, 1005, -999, -999, -999, -999, -999, -999, -999, -999, -999, -999, -999, -999,
19840814, 0600, , DB, 19.0N,  138.3E,   25, 1004, -999, -999, -999, -999, -999, -999, -999, -999, -999, -999, -999, -999,
19840814, 1200, , DB, 19.3N,  137.6E,   30, 1001, -999, -999, -999, -999, -999, -999, -999, -999, -999, -999, -999, -999,
19840814, 1800, , DB, 19.6N,  136.8E,   30, 1000, -999, -999, -999, -999, -999, -999, -999, -999, -999, -999, -999, -999,
19840815, 0000, , DB, 20.0N,  135.8E,   30,  999, -999, -999, -999, -999, -999, -999, -999, -999, -999, -999, -999, -999,
19840815, 0600, , TS, 20.3N,  134.8E,   35,  997, -999, -999, -999, -999, -999, -999, -999, -999, -999, -999, -999, -999,
19840815, 1200, , TS, 21.1N,  134.1E,   40,  995, -999, -999, -999, -999, -999, -999, -999, -999, -999, -999, -999, -999,
19840815, 1800, , TS, 21.9N,  133.4E,   40,  994, -999, -999, -999, -999, -999, -999, -999, -999, -999, -999, -999, -999,
19840816, 0000, , TS, 22.6N,  132.6E,   40,  993, -999, -999, -999, -999, -999, -999, -999, -999, -999, -999, -999, -999,
19840816, 0600, , TS, 22.8N,  131.8E,   45,  990, -999, -999, -999, -999, -999, -999, -999, -999, -999, -999, -999, -999,
19840816, 1200, , TS, 22.8N,  131.1E,   50,  987, -999, -999, -999, -999, -999, -999, -999, -999, -999, -999, -999, -999,
19840816, 1800, , TS, 22.8N,  130.5E,   50,  986, -999, -999, -999, -999, -999, -999, -999, -999, -999, -999, -999, -999,
19840817, 0000, , TS, 22.9N,  130.0E,   55,  983, -999, -999, -999, -999, -999, -999, -999, -999, -999, -999, -999, -999,
19840817, 0600, , TS, 22.9N,  129.5E,   60,  979, -999, -999, -999, -999, -999, -999, -999, -999, -999, -999, -999, -999,
19840817, 1200, , TS, 23.0N,  129.1E,   60,  977, -999, -999, -999, -999, -999, -999, -999, -999, -999, -999, -999, -999,
19840817, 1800, , HU, 23.2N,  128.7E,   65,  971, -999, -999, -999, -999, -999, -999, -999, -999, -999, -999, -999, -999,
19840818, 0000, , HU, 23.6N,  128.2E,   65,  972, -999, -999, -999, -999, -999, -999, -999, -999, -999, -999, -999, -999,
19840818, 0600, , HU, 24.4N,  127.6E,   65,  973, -999, -999, -999, -999, -999, -999, -999, -999, -999, -999, -999, -999,
19840818, 1200, , HU, 25.2N,  127.0E,   70,  968, -999, -999, -999, -999, -999, -999, -999, -999, -999, -999, -999, -999,
19840818, 1800, , HU, 25.7N,  126.3E,   70,  967, -999, -999, -999, -999, -999, -999, -999, -999, -999, -999, -999, -999,
19840819, 0000, , HU, 26.2N,  126.1E,   75,  964, -999, -999, -999, -999, -999, -999, -999, -999, -999, -999, -999, -999,
19840819, 0600, , HU, 26.8N,  126.3E,   75,  963, -999, -999, -999, -999, -999, -999, -999, -999, -999, -999, -999, -999,
19840819, 1200, , HU, 27.7N,  126.5E,   75,  965, -999, -999, -999, -999, -999, -999, -999, -999, -999, -999, -999, -999,
19840819, 1800, , HU, 28.6N,  126.3E,   75,  965, -999, -999, -999, -999, -999, -999, -999, -999, -999, -999, -999, -999,
19840820, 0000, , HU, 29.5N,  126.2E,   75,  965, -999, -999, -999, -999, -999, -999, -999, -999, -999, -999, -999, -999,
19840820, 0600, , HU, 30.3N,  126.2E,   75,  965, -999, -999, -999, -999, -999, -999, -999, -999, -999, -999, -999, -999,
19840820, 1200, , HU, 31.1N,  126.5E,   70,  967, -999, -999, -999, -999, -999, -999, -999, -999, -999, -999, -999, -999,
19840820, 1800, , HU, 31.8N,  126.9E,   65,  970, -999, -999, -999, -999, -999, -999, -999, -999, -999, -999, -999, -999,
19840821, 0000, , TS, 33.0N,  127.8E,   60,  974, -999, -999, -999, -999, -999, -999, -999, -999, -999, -999, -999, -999,
19840821, 0600, , TS, 34.2N,  128.9E,   60,  975, -999, -999, -999, -999, -999, -999, -999, -999, -999, -999, -999, -999,
19840821, 1200, , TS, 35.4N,  130.4E,   55,  979, -999, -999, -999, -999, -999, -999, -999, -999, -999, -999, -999, -999,
19840821, 1800, , TS, 36.8N,  132.4E,   50,  982, -999, -999, -999, -999, -999, -999, -999, -999, -999, -999, -999, -999,
19840822, 0000, , TS, 38.4N,  134.8E,   50,  983, -999, -999, -999, -999, -999, -999, -999, -999, -999, -999, -999, -999,
19840822, 0000, , EX, 40.4N,  136.5E,   50,  984, -999, -999, -999, -999, -999, -999, -999, -999, -999, -999, -999, -999,