SH, 01, 2003092812,   , BEST,   0,  45S,  624E,  30, 1006, DB,   0,    ,    0,    0,    0,    0, 1004,  120,  40,   0,   0, 
SH, 01, 2003092818,   , BEST,   0,  45S,  627E,  35, 1003, TS,   0,    ,    0,    0,    0,    0, 1004,  120,  40,   0,   0, 
SH, 01, 2003092900,   , BEST,   0,  45S,  631E,  40,  999, TS,   0,    ,    0,    0,    0,    0, 1004,  120,  40,   0,   0, 
SH, 01, 2003092906,   , BEST,   0,  44S,  634E,  50,  993, TS,   0,    ,    0,    0,    0,    0, 1004,  120,  40,   0,   0, 
SH, 01, 2003092912,   , BEST,   0,  44S,  638E,  50,  994, TS,   0,    ,    0,    0,    0,    0, 1004,  120,  40,   0,   0, 
SH, 01, 2003092918,   , BEST,   0,  44S,  642E,  45,  997, TS,   0,    ,    0,    0,    0,    0, 1004,  150,  45,   0,   0, 
SH, 01, 2003093000,   , BEST,   0,  44S,  646E,  45,  998, TS,   0,    ,    0,    0,    0,    0, 1004,  120,  45,   0,   0, 
SH, 01, 2003093006,   , BEST,   0,  45S,  650E,  45,  997, TS,   0,    ,    0,    0,    0,    0, 1004,  120,  45,   0,   0, 
SH, 01, 2003093012,   , BEST,   0,  45S,  654E,  35, 1003, TS,   0,    ,    0,    0,    0,    0, 1004,  120,  45,   0,   0, 
SH, 01, 2003093018,   , BEST,   0,  44S,  657E,  45,  997, TS,   0,    ,    0,    0,    0,    0, 1004,  120,  40,   0,   0, 
SH, 01, 2003100100,   , BEST,   0,  42S,  659E,  55,  992, TS,  34, NEQ,   20,   20,   20,   20, 1004,   40,  20,   0,   0, 
SH, 01, 2003100106,   , BEST,   0,  44S,  661E,  55,  993, TS,  34, NEQ,   55,   55,   55,   55, 1004,  120,  30,   0,   0, 
SH, 01, 2003100112,   , BEST,   0,  47S,  662E,  50,  996, TS,  34, NEQ,   55,   55,   55,   55, 1004,  120,  30,   0,   0, 
SH, 01, 2003100118,   , BEST,   0,  50S,  664E,  40, 1002, TS,  34, NEQ,   55,   55,   55,   55, 1004,  120,  30,   0,   0, 
SH, 01, 2003100200,   , BEST,   0,  52S,  667E,  40, 1003, TS,  34, NEQ,   55,   55,   55,   55, 1004,  120,  30,   0,   0, 
SH, 01, 2003100206,   , BEST,   0,  54S,  670E,  35, 1005, TS,   0,    ,    0,    0,    0,    0, 1004,  120,  50,   0,   0, 
SH, 01, 2003100212,   , BEST,   0,  55S,  674E,  30, 1007, TD,   0,    ,    0,    0,    0,    0, 1004,  120,  50,   0,   0, 
SH, 01, 2003100218,   , BEST,   0,  58S,  675E,  30, 1008, TD,   0,    ,    0,    0,    0,    0, 1004,  120,  50,   0,   0, 
SH, 01, 2003100300,   , BEST,   0,  61S,  673E,  30, 1007, TD,   0,    ,    0,    0,    0,    0, 1004,  120,  50,   0,   0, 
SH, 01, 2003100306,   , BEST,   0,  62S,  670E,  35, 1004, TS,   0,    ,    0,    0,    0,    0, 1004,  120,  40,   0,   0, 
SH, 01, 2003100312,   , BEST,   0,  65S,  669E,  40, 1001, TS,   0,    ,    0,    0,    0,    0, 1004,  120,  40,   0,   0, 
SH, 01, 2003100318,   , BEST,   0,  68S,  666E,  35, 1004, TS,   0,    ,    0,    0,    0,    0, 1004,  120,  40,   0,   0, 
SH, 01, 2003100400,   , BEST,   0,  70S,  662E,  30, 1007, TD,   0,    ,    0,    0,    0,    0, 1004,  120,  40,   0,   0, 
SH, 01, 2003100406,   , BEST,   0,  71S,  656E,  25, 1008, TD,   0,    ,    0,    0,    0,    0, 1004,  120,  40,   0,   0, 
SH, 01, 2003100412,   , BEST,   0,  68S,  652E,  25, 1008, TD,   0,    ,    0,    0,    0,    0, 
SH, 01, 2003100418,   , BEST,   0,  64S,  650E,  30, 1007, TD,   0,    ,    0,    0,    0,    0, 
SH, 01, 2003100500,   , BEST,   0,  61S,  649E,  30, 1007, TD,   0,    ,    0,    0,    0,    0, 
SH, 01, 2003100506,   , BEST,   0,  62S,  647E,  25, 1008, TD,   0,    ,    0,    0,    0,    0, 
SH, 01, 2003100512,   , BEST,   0,  62S,  643E,  25, 1009, TD,   0,    ,    0,    0,    0,    0, 
SH, 01, 2003100518,   , BEST,   0,  61S,  641E,  25, 1009, TD,   0,    ,    0,    0,    0,    0, 
SH, 01, 2003100600,   , BEST,   0,  60S,  638E,  25, 1010, DB,   0,    ,    0,    0,    0,    0, 