19841006, 0600, , DB, 16.0N,  152.5E,   25, 1004, -999, -999, -999, -999, -999, -999, -999, -999, -999, -999, -999, -999,
19841006, 1200, , DB, 16.8N,  152.5E,   25, 1003, -999, -999, -999, -999, -999, -999, -999, -999, -999, -999, -999, -999,
19841006, 1800, , TD, 17.5N,  152.4E,   30, 1001, -999, -999, -999, -999, -999, -999, -999, -999, -999, -999, -999, -999,
19841007, 0000, , TS, 18.1N,  152.3E,   35,  998, -999, -999, -999, -999, -999, -999, -999, -999, -999, -999, -999, -999,
19841007, 0600, , TS, 19.1N,  152.1E,   35,  999, -999, -999, -999, -999, -999, -999, -999, -999, -999, -999, -999, -999,
19841007, 1200, , TS, 20.4N,  152.2E,   35,  998, -999, -999, -999, -999, -999, -999, -999, -999, -999, -999, -999, -999,
19841007, 1800, , TS, 21.9N,  152.7E,   40,  996, -999, -999, -999, -999, -999, -999, -999, -999, -999, -999, -999, -999,
19841008, 0000, , TS, 23.8N,  153.7E,   45,  993, -999, -999, -999, -999, -999, -999, -999, -999, -999, -999, -999, -999,
19841008, 0600, , TS, 25.4N,  154.6E,   50,  989, -999, -999, -999, -999, -999, -999, -999, -999, -999, -999, -999, -999,
19841008, 1200, , TS, 26.5N,  155.5E,   55,  985, -999, -999, -999, -999, -999, -999, -999, -999, -999, -999, -999, -999,
19841008, 1800, , TS, 27.8N,  156.6E,   55,  984, -999, -999, -999, -999, -999, -999, -999, -999, -999, -999, -999, -999,
19841009, 0000, , TS, 29.4N,  158.1E,   60,  980, -999, -999, -999, -999, -999, -999, -999, -999, -999, -999, -999, -999,
19841009, 0600, , HU, 30.9N,  160.3E,   65,  976, -999, -999, -999, -999, -999, -999, -999, -999, -999, -999, -999, -999,
19841009, 1200, , TS, 32.4N,  162.8E,   60,  979, -999, -999, -999, -999, -999, -999, -999, -999, -999, -999, -999, -999,
19841009, 1800, , TS, 33.9N,  165.5E,   60,  980, -999, -999, -999, -999, -999, -999, -999, -999, -999, -999, -999, -999,
19841010, 0000, , TS, 35.5N,  169.6E,   55,  983, -999, -999, -999, -999, -999, -999, -999, -999, -999, -999, -999, -999,
19841010, 0600, , TS, 37.6N,  174.6E,   55,  984, -999, -999, -999, -999, -999, -999, -999, -999, -999, -999, -999, -999,
19841010, 1200, , EX, 39.1N,  179.1E,   55,  983, -999, -999, -999, -999, -999, -999, -999, -999, -999, -999, -999, -999,