19840826, 0000, , DB,  8.2N,  146.0E,   25, 1010, -999, -999, -999, -999, -999, -999, -999, -999, -999, -999, -999, -999,
19840826, 0600, , TD,  8.8N,  145.9E,   30, 1009, -999, -999, -999, -999, -999, -999, -999, -999, -999, -999, -999, -999,
19840826, 1200, , TS,  9.4N,  145.8E,   35, 1008, -999, -999, -999, -999, -999, -999, -999, -999, -999, -999, -999, -999,
19840826, 1800, , TS, 10.2N,  145.5E,   40, 1005, -999, -999, -999, -999, -999, -999, -999, -999, -999, -999, -999, -999,
19840827, 0000, , TS, 10.8N,  144.9E,   45, 1001, -999, -999, -999, -999, -999, -999, -999, -999, -999, -999, -999, -999,
19840827, 0600, , TS, 11.4N,  144.4E,   50,  998, -999, -999, -999, -999, -999, -999, -999, -999, -999, -999, -999, -999,
19840827, 1200, , TS, 11.9N,  143.9E,   50,  999, -999, -999, -999, -999, -999, -999, -999, -999, -999, -999, -999, -999,
19840827, 1800, , TS, 12.5N,  143.3E,   50,  998, -999, -999, -999, -999, -999, -999, -999, -999, -999, -999, -999, -999,
19840828, 0000, , TS, 13.2N,  142.6E,   60,  992, -999, -999, -999, -999, -999, -999, -999, -999, -999, -999, -999, -999,
19840828, 0600, , HU, 13.6N,  141.8E,   70,  985, -999, -999, -999, -999, -999, -999, -999, -999, -999, -999, -999, -999,
19840828, 1200, , HU, 13.2N,  141.2E,   70,  986, -999, -999, -999, -999, -999, -999, -999, -999, -999, -999, -999, -999,
19840828, 1800, , HU, 12.6N,  140.9E,   65,  988, -999, -999, -999, -999, -999, -999, -999, -999, -999, -999, -999, -999,
19840829, 0000, , TS, 12.3N,  140.3E,   60,  990, -999, -999, -999, -999, -999, -999, -999, -999, -999, -999, -999, -999,
19840829, 0600, , TS, 12.2N,  139.6E,   60,  990, -999, -999, -999, -999, -999, -999, -999, -999, -999, -999, -999, -999,
19840829, 1200, , HU, 12.0N,  139.0E,   65,  989, -999, -999, -999, -999, -999, -999, -999, -999, -999, -999, -999, -999,
19840829, 1800, , HU, 11.6N,  138.5E,   70,  985, -999, -999, -999, -999, -999, -999, -999, -999, -999, -999, -999, -999,
19840830, 0000, , HU, 11.0N,  137.9E,   75,  981, -999, -999, -999, -999, -999, -999, -999, -999, -999, -999, -999, -999,
19840830, 0600, , HU, 10.6N,  137.1E,   80,  977, -999, -999, -999, -999, -999, -999, -999, -999, -999, -999, -999, -999,
19840830, 1200, , HU, 10.4N,  136.3E,   85,  974, -999, -999, -999, -999, -999, -999, -999, -999, -999, -999, -999, -999,
19840830, 1800, , HU, 10.3N,  135.4E,   85,  973, -999, -999, -999, -999, -999, -999, -999, -999, -999, -999, -999, -999,
19840831, 0000, , HU, 10.1N,  134.4E,   90,  969, -999, -999, -999, -999, -999, -999, -999, -999, -999, -999, -999, -999,
19840831, 0600, , HU, 10.0N,  133.3E,   95,  964, -999, -999, -999, -999, -999, -999, -999, -999, -999, -999, -999, -999,
19840831, 1200, , HU,  9.9N,  132.1E,  100,  960, -999, -999, -999, -999, -999, -999, -999, -999, -999, -999, -999, -999,
19840831, 1800, , HU,  9.6N,  130.7E,  105,  957, -999, -999, -999, -999, -999, -999, -999, -999, -999, -999, -999, -999,
19840901, 0000, , HU,  9.6N,  129.5E,  110,  953, -999, -999, -999, -999, -999, -999, -999, -999, -999, -999, -999, -999,
19840901, 0600, , HU,  9.4N,  128.1E,  120,  947, -999, -999, -999, -999, -999, -999, -999, -999, -999, -999, -999, -999,
19840901, 1200, , HU,  9.4N,  126.8E,  120,  949, -999, -999, -999, -999, -999, -999, -999, -999, -999, -999, -999, -999,
19840901, 1800, , HU,  9.8N,  125.6E,  115,  951, -999, -999, -999, -999, -999, -999, -999, -999, -999, -999, -999, -999,
19840902, 0000, , HU,  9.9N,  124.1E,   95,  967, -999, -999, -999, -999, -999, -999, -999, -999, -999, -999, -999, -999,
19840902, 0600, , HU, 10.3N,  123.0E,   75,  980, -999, -999, -999, -999, -999, -999, -999, -999, -999, -999, -999, -999,
19840902, 1200, , HU, 10.8N,  122.0E,   65,  986, -999, -999, -999, -999, -999, -999, -999, -999, -999, -999, -999, -999,
19840902, 1800, , TS, 11.3N,  121.2E,   60,  989, -999, -999, -999, -999, -999, -999, -999, -999, -999, -999, -999, -999,
19840903, 0000, , TS, 12.2N,  120.3E,   55,  992, -999, -999, -999, -999, -999, -999, -999, -999, -999, -999, -999, -999,
19840903, 0600, , TS, 12.9N,  119.4E,   60,  990, -999, -999, -999, -999, -999, -999, -999, -999, -999, -999, -999, -999,
19840903, 1200, , HU, 13.8N,  118.4E,   65,  989, -999, -999, -999, -999, -999, -999, -999, -999, -999, -999, -999, -999,
19840903, 1800, , HU, 14.5N,  117.4E,   75,  984, -999, -999, -999, -999, -999, -999, -999, -999, -999, -999, -999, -999,
19840904, 0000, , HU, 15.2N,  116.4E,   85,  979, -999, -999, -999, -999, -999, -999, -999, -999, -999, -999, -999, -999,
19840904, 0600, , HU, 15.9N,  115.4E,   95,  967, -999, -999, -999, -999, -999, -999, -999, -999, -999, -999, -999, -999,
19840904, 1200, , HU, 16.7N,  114.3E,  105,  960, -999, -999, -999, -999, -999, -999, -999, -999, -999, -999, -999, -999,
19840904, 1800, , HU, 17.5N,  113.2E,  120,  948, -999, -999, -999, -999, -999, -999, -999, -999, -999, -999, -999, -999,
19840905, 0000, , HU, 18.3N,  112.2E,  110,  956, -999, -999, -999, -999, -999, -999, -999, -999, -999, -999, -999, -999,
19840905, 0600, , HU, 19.2N,  111.2E,   95,  968, -999, -999, -999, -999, -999, -999, -999, -999, -999, -999, -999, -999,
19840905, 1200, , HU, 20.1N,  110.4E,   80,  980, -999, -999, -999, -999, -999, -999, -999, -999, -999, -999, -999, -999,
19840905, 1800, , HU, 20.8N,  109.4E,   70,  986, -999, -999, -999, -999, -999, -999, -999, -999, -999, -999, -999, -999,
19840906, 0000, , HU, 21.6N,  108.9E,   65,  991, -999, -999, -999, -999, -999, -999, -999, -999, -999, -999, -999, -999,
19840906, 0600, , TS, 22.5N,  108.0E,   50,  996, -999, -999, -999, -999, -999, -999, -999, -999, -999, -999, -999, -999,
19840906, 1200, , TD, 22.9N,  107.2E,   30, 1000, -999, -999, -999, -999, -999, -999, -999, -999, -999, -999, -999, -999,
19840906, 1800, , DB, 23.5N,  106.6E,   25, 1003, -999, -999, -999, -999, -999, -999, -999, -999, -999, -999, -999, -999,