19840705, 0600, , DB, 16.5N,  152.8E,   20, 1008, -999, -999, -999, -999, -999, -999, -999, -999, -999, -999, -999, -999,
19840705, 1200, , DB, 16.7N,  152.0E,   20, 1008, -999, -999, -999, -999, -999, -999, -999, -999, -999, -999, -999, -999,
19840705, 1800, , DB, 16.8N,  151.2E,   20, 1007, -999, -999, -999, -999, -999, -999, -999, -999, -999, -999, -999, -999,
19840706, 0000, , DB, 16.9N,  150.3E,   25, 1006, -999, -999, -999, -999, -999, -999, -999, -999, -999, -999, -999, -999,
19840706, 0600, , DB, 17.1N,  149.5E,   25, 1006, -999, -999, -999, -999, -999, -999, -999, -999, -999, -999, -999, -999,
19840706, 1200, , DB, 17.3N,  148.6E,   25, 1005, -999, -999, -999, -999, -999, -999, -999, -999, -999, -999, -999, -999,
19840706, 1800, , TD, 17.6N,  147.7E,   25, 1005, -999, -999, -999, -999, -999, -999, -999, -999, -999, -999, -999, -999,
19840707, 0000, , TD, 18.0N,  146.9E,   30, 1003, -999, -999, -999, -999, -999, -999, -999, -999, -999, -999, -999, -999,
19840707, 0600, , TD, 18.6N,  146.6E,   30, 1002, -999, -999, -999, -999, -999, -999, -999, -999, -999, -999, -999, -999,
19840707, 1200, , TS, 19.0N,  146.4E,   35,  998, -999, -999, -999, -999, -999, -999, -999, -999, -999, -999, -999, -999,
19840707, 1800, , TS, 19.5N,  146.2E,   40,  994, -999, -999, -999, -999, -999, -999, -999, -999, -999, -999, -999, -999,
19840708, 0000, , TS, 19.9N,  146.0E,   45,  991, -999, -999, -999, -999, -999, -999, -999, -999, -999, -999, -999, -999,
19840708, 0600, , TS, 20.4N,  145.8E,   50,  987, -999, -999, -999, -999, -999, -999, -999, -999, -999, -999, -999, -999,
19840708, 1200, , TS, 20.8N,  145.6E,   55,  985, -999, -999, -999, -999, -999, -999, -999, -999, -999, -999, -999, -999,
19840708, 1800, , TS, 21.3N,  145.3E,   55,  984, -999, -999, -999, -999, -999, -999, -999, -999, -999, -999, -999, -999,
19840709, 0000, , TS, 21.7N,  145.0E,   60,  982, -999, -999, -999, -999, -999, -999, -999, -999, -999, -999, -999, -999,
19840709, 0600, , HU, 21.8N,  144.9E,   65,  979, -999, -999, -999, -999, -999, -999, -999, -999, -999, -999, -999, -999,
19840709, 1200, , HU, 21.8N,  144.7E,   75,  973, -999, -999, -999, -999, -999, -999, -999, -999, -999, -999, -999, -999,
19840709, 1800, , HU, 21.9N,  144.6E,   85,  963, -999, -999, -999, -999, -999, -999, -999, -999, -999, -999, -999, -999,
19840710, 0000, , HU, 21.9N,  144.5E,   95,  955, -999, -999, -999, -999, -999, -999, -999, -999, -999, -999, -999, -999,
19840710, 0600, , HU, 22.0N,  144.5E,   85,  964, -999, -999, -999, -999, -999, -999, -999, -999, -999, -999, -999, -999,
19840710, 1200, , HU, 22.2N,  144.6E,   75,  971, -999, -999, -999, -999, -999, -999, -999, -999, -999, -999, -999, -999,
19840710, 1800, , HU, 22.5N,  145.0E,   75,  972, -999, -999, -999, -999, -999, -999, -999, -999, -999, -999, -999, -999,
19840711, 0000, , HU, 23.1N,  145.4E,   70,  974, -999, -999, -999, -999, -999, -999, -999, -999, -999, -999, -999, -999,
19840711, 0600, , HU, 23.8N,  146.1E,   65,  978, -999, -999, -999, -999, -999, -999, -999, -999, -999, -999, -999, -999,
19840711, 1200, , TS, 24.6N,  146.8E,   60,  982, -999, -999, -999, -999, -999, -999, -999, -999, -999, -999, -999, -999,
19840711, 1800, , HU, 25.1N,  147.4E,   70,  975, -999, -999, -999, -999, -999, -999, -999, -999, -999, -999, -999, -999,
19840712, 0000, , HU, 25.7N,  148.1E,   70,  974, -999, -999, -999, -999, -999, -999, -999, -999, -999, -999, -999, -999,
19840712, 0600, , HU, 26.4N,  149.0E,   75,  972, -999, -999, -999, -999, -999, -999, -999, -999, -999, -999, -999, -999,
19840712, 1200, , HU, 27.0N,  149.9E,   80,  969, -999, -999, -999, -999, -999, -999, -999, -999, -999, -999, -999, -999,
19840712, 1800, , HU, 27.6N,  150.5E,   90,  961, -999, -999, -999, -999, -999, -999, -999, -999, -999, -999, -999, -999,
19840713, 0000, , HU, 28.3N,  151.2E,   85,  964, -999, -999, -999, -999, -999, -999, -999, -999, -999, -999, -999, -999,
19840713, 0600, , HU, 29.0N,  151.8E,   85,  965, -999, -999, -999, -999, -999, -999, -999, -999, -999, -999, -999, -999,
19840713, 1200, , HU, 29.5N,  152.3E,   75,  972, -999, -999, -999, -999, -999, -999, -999, -999, -999, -999, -999, -999,
19840713, 1800, , HU, 30.0N,  152.6E,   65,  978, -999, -999, -999, -999, -999, -999, -999, -999, -999, -999, -999, -999,
19840714, 0000, , EX, 30.4N,  152.8E,   55,  984, -999, -999, -999, -999, -999, -999, -999, -999, -999, -999, -999, -999,
19840714, 0600, , EX, 31.0N,  152.9E,   50,  986, -999, -999, -999, -999, -999, -999, -999, -999, -999, -999, -999, -999,